Number of nodes 863 
     0 :  7.0710678e-01  7.0710678e-01 
     1 :  7.0710678e-01 -7.0710678e-01 
     2 :  3.0000000e-01  0.0000000e+00 
     3 :  7.0710678e-01  7.0710678e-01 
     4 :  7.0710678e-01 -7.0710678e-01 
     5 :  1.9928932e+00  7.0710678e-01 
     6 :  1.9928932e+00 -7.0710678e-01 
     7 :  3.4071068e+00  7.0710678e-01 
     8 :  1.9928932e+00  7.0710678e-01 
     9 :  1.9928932e+00 -7.0710678e-01 
    10 :  3.4071068e+00 -7.0710678e-01 
    11 :  3.0000000e+00  0.0000000e+00 
    12 :  3.4071068e+00  7.0710678e-01 
    13 :  3.4071068e+00 -7.0710678e-01 
    14 :  4.6928932e+00  7.0710678e-01 
    15 :  4.6928932e+00 -7.0710678e-01 
    16 :  6.1071068e+00  7.0710678e-01 
    17 :  4.6928932e+00  7.0710678e-01 
    18 :  4.6928932e+00 -7.0710678e-01 
    19 :  6.1071068e+00 -7.0710678e-01 
    20 :  5.7000000e+00  0.0000000e+00 
    21 :  6.1071068e+00  7.0710678e-01 
    22 :  6.1071068e+00 -7.0710678e-01 
    23 :  7.3928932e+00  7.0710678e-01 
    24 :  7.3928932e+00 -7.0710678e-01 
    25 :  8.8071068e+00  7.0710678e-01 
    26 :  7.3928932e+00  7.0710678e-01 
    27 :  7.3928932e+00 -7.0710678e-01 
    28 :  8.8071068e+00 -7.0710678e-01 
    29 :  8.4000000e+00  0.0000000e+00 
    30 :  8.8071068e+00  7.0710678e-01 
    31 :  8.8071068e+00 -7.0710678e-01 
    32 :  1.0092893e+01  7.0710678e-01 
    33 :  1.0092893e+01 -7.0710678e-01 
    34 :  1.1507107e+01  7.0710678e-01 
    35 :  1.0092893e+01  7.0710678e-01 
    36 :  1.0092893e+01 -7.0710678e-01 
    37 :  1.1507107e+01 -7.0710678e-01 
    38 :  1.1100000e+01  0.0000000e+00 
    39 :  1.1507107e+01  7.0710678e-01 
    40 :  1.1507107e+01 -7.0710678e-01 
    41 :  1.2792893e+01  7.0710678e-01 
    42 :  1.2792893e+01 -7.0710678e-01 
    43 :  1.4207107e+01  7.0710678e-01 
    44 :  1.2792893e+01  7.0710678e-01 
    45 :  1.4207107e+01 -7.0710678e-01 
    46 :  1.4207107e+01  7.0710678e-01 
    47 :  1.2792893e+01 -7.0710678e-01 
    48 :  1.4207107e+01 -7.0710678e-01 
    49 :  1.3800000e+01  0.0000000e+00 
    50 :  5.1188505e-01  8.5905395e-01 
    51 :  2.8533622e-01  9.5842748e-01 
    52 :  4.1324974e-02  9.9914576e-01 
    53 : -2.0521534e-01  9.7871685e-01 
    54 : -4.3919659e-01  8.9839098e-01 
    55 : -6.4629924e-01  7.6308407e-01 
    56 : -8.1384872e-01  5.8107682e-01 
    57 : -9.3159109e-01  3.6350797e-01 
    58 : -9.9232058e-01  1.2369263e-01 
    59 : -9.9232058e-01 -1.2369263e-01 
    60 : -9.3159109e-01 -3.6350797e-01 
    61 : -8.1384872e-01 -5.8107682e-01 
    62 : -6.4629924e-01 -7.6308407e-01 
    63 : -4.3919659e-01 -8.9839098e-01 
    64 : -2.0521534e-01 -9.7871685e-01 
    65 :  4.1324974e-02 -9.9914576e-01 
    66 :  2.8533622e-01 -9.5842748e-01 
    67 :  5.1188505e-01 -8.5905395e-01 
    68 :  2.1213203e-01  2.1213203e-01 
    69 :  9.5095704e-16  3.0000000e-01 
    70 : -2.1213203e-01  2.1213203e-01 
    71 : -3.0000000e-01  1.9019141e-15 
    72 : -2.1213203e-01 -2.1213203e-01 
    73 : -8.5446968e-16 -3.0000000e-01 
    74 :  2.1213203e-01 -2.1213203e-01 
    75 :  9.2140452e-01  7.0710678e-01 
    76 :  1.1357023e+00  7.0710678e-01 
    77 :  1.3500000e+00  7.0710678e-01 
    78 :  1.5642977e+00  7.0710678e-01 
    79 :  1.7785955e+00  7.0710678e-01 
    80 :  9.2140452e-01 -7.0710678e-01 
    81 :  1.1357023e+00 -7.0710678e-01 
    82 :  1.3500000e+00 -7.0710678e-01 
    83 :  1.5642977e+00 -7.0710678e-01 
    84 :  1.7785955e+00 -7.0710678e-01 
    85 :  3.2320321e+00  8.4672420e-01 
    86 :  3.0302791e+00  9.4388333e-01 
    87 :  2.8119645e+00  9.9371221e-01 
    88 :  2.5880355e+00  9.9371221e-01 
    89 :  2.3697209e+00  9.4388333e-01 
    90 :  2.1679679e+00  8.4672420e-01 
    91 :  2.1679679e+00 -8.4672420e-01 
    92 :  2.3697209e+00 -9.4388333e-01 
    93 :  2.5880355e+00 -9.9371221e-01 
    94 :  2.8119645e+00 -9.9371221e-01 
    95 :  3.0302791e+00 -9.4388333e-01 
    96 :  3.2320321e+00 -8.4672420e-01 
    97 :  2.9121320e+00  2.1213203e-01 
    98 :  2.7000000e+00  3.0000000e-01 
    99 :  2.4878680e+00  2.1213203e-01 
   100 :  2.4000000e+00  1.9019141e-15 
   101 :  2.4878680e+00 -2.1213203e-01 
   102 :  2.7000000e+00 -3.0000000e-01 
   103 :  2.9121320e+00 -2.1213203e-01 
   104 :  3.6214045e+00  7.0710678e-01 
   105 :  3.8357023e+00  7.0710678e-01 
   106 :  4.0500000e+00  7.0710678e-01 
   107 :  4.2642977e+00  7.0710678e-01 
   108 :  4.4785955e+00  7.0710678e-01 
   109 :  3.6214045e+00 -7.0710678e-01 
   110 :  3.8357023e+00 -7.0710678e-01 
   111 :  4.0500000e+00 -7.0710678e-01 
   112 :  4.2642977e+00 -7.0710678e-01 
   113 :  4.4785955e+00 -7.0710678e-01 
   114 :  5.9320321e+00  8.4672420e-01 
   115 :  5.7302791e+00  9.4388333e-01 
   116 :  5.5119645e+00  9.9371221e-01 
   117 :  5.2880355e+00  9.9371221e-01 
   118 :  5.0697209e+00  9.4388333e-01 
   119 :  4.8679679e+00  8.4672420e-01 
   120 :  4.8679679e+00 -8.4672420e-01 
   121 :  5.0697209e+00 -9.4388333e-01 
   122 :  5.2880355e+00 -9.9371221e-01 
   123 :  5.5119645e+00 -9.9371221e-01 
   124 :  5.7302791e+00 -9.4388333e-01 
   125 :  5.9320321e+00 -8.4672420e-01 
   126 :  5.6121320e+00  2.1213203e-01 
   127 :  5.4000000e+00  3.0000000e-01 
   128 :  5.1878680e+00  2.1213203e-01 
   129 :  5.1000000e+00  1.9019141e-15 
   130 :  5.1878680e+00 -2.1213203e-01 
   131 :  5.4000000e+00 -3.0000000e-01 
   132 :  5.6121320e+00 -2.1213203e-01 
   133 :  6.3214045e+00  7.0710678e-01 
   134 :  6.5357023e+00  7.0710678e-01 
   135 :  6.7500000e+00  7.0710678e-01 
   136 :  6.9642977e+00  7.0710678e-01 
   137 :  7.1785955e+00  7.0710678e-01 
   138 :  6.3214045e+00 -7.0710678e-01 
   139 :  6.5357023e+00 -7.0710678e-01 
   140 :  6.7500000e+00 -7.0710678e-01 
   141 :  6.9642977e+00 -7.0710678e-01 
   142 :  7.1785955e+00 -7.0710678e-01 
   143 :  8.6320321e+00  8.4672420e-01 
   144 :  8.4302791e+00  9.4388333e-01 
   145 :  8.2119645e+00  9.9371221e-01 
   146 :  7.9880355e+00  9.9371221e-01 
   147 :  7.7697209e+00  9.4388333e-01 
   148 :  7.5679679e+00  8.4672420e-01 
   149 :  7.5679679e+00 -8.4672420e-01 
   150 :  7.7697209e+00 -9.4388333e-01 
   151 :  7.9880355e+00 -9.9371221e-01 
   152 :  8.2119645e+00 -9.9371221e-01 
   153 :  8.4302791e+00 -9.4388333e-01 
   154 :  8.6320321e+00 -8.4672420e-01 
   155 :  8.3121320e+00  2.1213203e-01 
   156 :  8.1000000e+00  3.0000000e-01 
   157 :  7.8878680e+00  2.1213203e-01 
   158 :  7.8000000e+00  1.9019141e-15 
   159 :  7.8878680e+00 -2.1213203e-01 
   160 :  8.1000000e+00 -3.0000000e-01 
   161 :  8.3121320e+00 -2.1213203e-01 
   162 :  9.0214045e+00  7.0710678e-01 
   163 :  9.2357023e+00  7.0710678e-01 
   164 :  9.4500000e+00  7.0710678e-01 
   165 :  9.6642977e+00  7.0710678e-01 
   166 :  9.8785955e+00  7.0710678e-01 
   167 :  9.0214045e+00 -7.0710678e-01 
   168 :  9.2357023e+00 -7.0710678e-01 
   169 :  9.4500000e+00 -7.0710678e-01 
   170 :  9.6642977e+00 -7.0710678e-01 
   171 :  9.8785955e+00 -7.0710678e-01 
   172 :  1.1332032e+01  8.4672420e-01 
   173 :  1.1130279e+01  9.4388333e-01 
   174 :  1.0911964e+01  9.9371221e-01 
   175 :  1.0688036e+01  9.9371221e-01 
   176 :  1.0469721e+01  9.4388333e-01 
   177 :  1.0267968e+01  8.4672420e-01 
   178 :  1.0267968e+01 -8.4672420e-01 
   179 :  1.0469721e+01 -9.4388333e-01 
   180 :  1.0688036e+01 -9.9371221e-01 
   181 :  1.0911964e+01 -9.9371221e-01 
   182 :  1.1130279e+01 -9.4388333e-01 
   183 :  1.1332032e+01 -8.4672420e-01 
   184 :  1.1012132e+01  2.1213203e-01 
   185 :  1.0800000e+01  3.0000000e-01 
   186 :  1.0587868e+01  2.1213203e-01 
   187 :  1.0500000e+01  1.9019141e-15 
   188 :  1.0587868e+01 -2.1213203e-01 
   189 :  1.0800000e+01 -3.0000000e-01 
   190 :  1.1012132e+01 -2.1213203e-01 
   191 :  1.1721405e+01  7.0710678e-01 
   192 :  1.1935702e+01  7.0710678e-01 
   193 :  1.2150000e+01  7.0710678e-01 
   194 :  1.2364298e+01  7.0710678e-01 
   195 :  1.2578595e+01  7.0710678e-01 
   196 :  1.1721405e+01 -7.0710678e-01 
   197 :  1.1935702e+01 -7.0710678e-01 
   198 :  1.2150000e+01 -7.0710678e-01 
   199 :  1.2364298e+01 -7.0710678e-01 
   200 :  1.2578595e+01 -7.0710678e-01 
   201 :  1.4032032e+01  8.4672420e-01 
   202 :  1.3830279e+01  9.4388333e-01 
   203 :  1.3611964e+01  9.9371221e-01 
   204 :  1.3388036e+01  9.9371221e-01 
   205 :  1.3169721e+01  9.4388333e-01 
   206 :  1.2967968e+01  8.4672420e-01 
   207 :  1.4346724e+01 -5.3203208e-01 
   208 :  1.4443883e+01 -3.3027906e-01 
   209 :  1.4493712e+01 -1.1196448e-01 
   210 :  1.4493712e+01  1.1196448e-01 
   211 :  1.4443883e+01  3.3027906e-01 
   212 :  1.4346724e+01  5.3203208e-01 
   213 :  1.2967968e+01 -8.4672420e-01 
   214 :  1.3169721e+01 -9.4388333e-01 
   215 :  1.3388036e+01 -9.9371221e-01 
   216 :  1.3611964e+01 -9.9371221e-01 
   217 :  1.3830279e+01 -9.4388333e-01 
   218 :  1.4032032e+01 -8.4672420e-01 
   219 :  1.3712132e+01  2.1213203e-01 
   220 :  1.3500000e+01  3.0000000e-01 
   221 :  1.3287868e+01  2.1213203e-01 
   222 :  1.3200000e+01  1.9019141e-15 
   223 :  1.3287868e+01 -2.1213203e-01 
   224 :  1.3500000e+01 -3.0000000e-01 
   225 :  1.3712132e+01 -2.1213203e-01 
   226 :  9.2140452e-01  7.0710678e-01 
   227 :  1.1357023e+00  7.0710678e-01 
   228 :  1.3500000e+00  7.0710678e-01 
   229 :  1.5642977e+00  7.0710678e-01 
   230 :  1.7785955e+00  7.0710678e-01 
   231 :  9.2140452e-01 -7.0710678e-01 
   232 :  1.1357023e+00 -7.0710678e-01 
   233 :  1.3500000e+00 -7.0710678e-01 
   234 :  1.5642977e+00 -7.0710678e-01 
   235 :  1.7785955e+00 -7.0710678e-01 
   236 :  3.2320321e+00  8.4672420e-01 
   237 :  3.0302791e+00  9.4388333e-01 
   238 :  2.8119645e+00  9.9371221e-01 
   239 :  2.5880355e+00  9.9371221e-01 
   240 :  2.3697209e+00  9.4388333e-01 
   241 :  2.1679679e+00  8.4672420e-01 
   242 :  2.1679679e+00 -8.4672420e-01 
   243 :  2.3697209e+00 -9.4388333e-01 
   244 :  2.5880355e+00 -9.9371221e-01 
   245 :  2.8119645e+00 -9.9371221e-01 
   246 :  3.0302791e+00 -9.4388333e-01 
   247 :  3.2320321e+00 -8.4672420e-01 
   248 :  3.6214045e+00  7.0710678e-01 
   249 :  3.8357023e+00  7.0710678e-01 
   250 :  4.0500000e+00  7.0710678e-01 
   251 :  4.2642977e+00  7.0710678e-01 
   252 :  4.4785955e+00  7.0710678e-01 
   253 :  3.6214045e+00 -7.0710678e-01 
   254 :  3.8357023e+00 -7.0710678e-01 
   255 :  4.0500000e+00 -7.0710678e-01 
   256 :  4.2642977e+00 -7.0710678e-01 
   257 :  4.4785955e+00 -7.0710678e-01 
   258 :  5.9320321e+00  8.4672420e-01 
   259 :  5.7302791e+00  9.4388333e-01 
   260 :  5.5119645e+00  9.9371221e-01 
   261 :  5.2880355e+00  9.9371221e-01 
   262 :  5.0697209e+00  9.4388333e-01 
   263 :  4.8679679e+00  8.4672420e-01 
   264 :  4.8679679e+00 -8.4672420e-01 
   265 :  5.0697209e+00 -9.4388333e-01 
   266 :  5.2880355e+00 -9.9371221e-01 
   267 :  5.5119645e+00 -9.9371221e-01 
   268 :  5.7302791e+00 -9.4388333e-01 
   269 :  5.9320321e+00 -8.4672420e-01 
   270 :  6.3214045e+00  7.0710678e-01 
   271 :  6.5357023e+00  7.0710678e-01 
   272 :  6.7500000e+00  7.0710678e-01 
   273 :  6.9642977e+00  7.0710678e-01 
   274 :  7.1785955e+00  7.0710678e-01 
   275 :  6.3214045e+00 -7.0710678e-01 
   276 :  6.5357023e+00 -7.0710678e-01 
   277 :  6.7500000e+00 -7.0710678e-01 
   278 :  6.9642977e+00 -7.0710678e-01 
   279 :  7.1785955e+00 -7.0710678e-01 
   280 :  8.6320321e+00  8.4672420e-01 
   281 :  8.4302791e+00  9.4388333e-01 
   282 :  8.2119645e+00  9.9371221e-01 
   283 :  7.9880355e+00  9.9371221e-01 
   284 :  7.7697209e+00  9.4388333e-01 
   285 :  7.5679679e+00  8.4672420e-01 
   286 :  7.5679679e+00 -8.4672420e-01 
   287 :  7.7697209e+00 -9.4388333e-01 
   288 :  7.9880355e+00 -9.9371221e-01 
   289 :  8.2119645e+00 -9.9371221e-01 
   290 :  8.4302791e+00 -9.4388333e-01 
   291 :  8.6320321e+00 -8.4672420e-01 
   292 :  9.0214045e+00  7.0710678e-01 
   293 :  9.2357023e+00  7.0710678e-01 
   294 :  9.4500000e+00  7.0710678e-01 
   295 :  9.6642977e+00  7.0710678e-01 
   296 :  9.8785955e+00  7.0710678e-01 
   297 :  9.0214045e+00 -7.0710678e-01 
   298 :  9.2357023e+00 -7.0710678e-01 
   299 :  9.4500000e+00 -7.0710678e-01 
   300 :  9.6642977e+00 -7.0710678e-01 
   301 :  9.8785955e+00 -7.0710678e-01 
   302 :  1.1332032e+01  8.4672420e-01 
   303 :  1.1130279e+01  9.4388333e-01 
   304 :  1.0911964e+01  9.9371221e-01 
   305 :  1.0688036e+01  9.9371221e-01 
   306 :  1.0469721e+01  9.4388333e-01 
   307 :  1.0267968e+01  8.4672420e-01 
   308 :  1.0267968e+01 -8.4672420e-01 
   309 :  1.0469721e+01 -9.4388333e-01 
   310 :  1.0688036e+01 -9.9371221e-01 
   311 :  1.0911964e+01 -9.9371221e-01 
   312 :  1.1130279e+01 -9.4388333e-01 
   313 :  1.1332032e+01 -8.4672420e-01 
   314 :  1.1721405e+01  7.0710678e-01 
   315 :  1.1935702e+01  7.0710678e-01 
   316 :  1.2150000e+01  7.0710678e-01 
   317 :  1.2364298e+01  7.0710678e-01 
   318 :  1.2578595e+01  7.0710678e-01 
   319 :  1.1721405e+01 -7.0710678e-01 
   320 :  1.1935702e+01 -7.0710678e-01 
   321 :  1.2150000e+01 -7.0710678e-01 
   322 :  1.2364298e+01 -7.0710678e-01 
   323 :  1.2578595e+01 -7.0710678e-01 
   324 :  1.4032032e+01  8.4672420e-01 
   325 :  1.3830279e+01  9.4388333e-01 
   326 :  1.3611964e+01  9.9371221e-01 
   327 :  1.3388036e+01  9.9371221e-01 
   328 :  1.3169721e+01  9.4388333e-01 
   329 :  1.2967968e+01  8.4672420e-01 
   330 :  1.4346724e+01 -5.3203208e-01 
   331 :  1.4443883e+01 -3.3027906e-01 
   332 :  1.4493712e+01 -1.1196448e-01 
   333 :  1.4493712e+01  1.1196448e-01 
   334 :  1.4443883e+01  3.3027906e-01 
   335 :  1.4346724e+01  5.3203208e-01 
   336 :  1.2967968e+01 -8.4672420e-01 
   337 :  1.3169721e+01 -9.4388333e-01 
   338 :  1.3388036e+01 -9.9371221e-01 
   339 :  1.3611964e+01 -9.9371221e-01 
   340 :  1.3830279e+01 -9.4388333e-01 
   341 :  1.4032032e+01 -8.4672420e-01 
   342 :  1.2445352e+01 -5.2528860e-01 
   343 :  9.7671339e+00  5.3993612e-01 
   344 :  9.1219565e+00  5.0873959e-01 
   345 :  1.1805437e+01  4.9913213e-01 
   346 :  4.3945635e+00 -4.9913213e-01 
   347 :  7.0780435e+00  5.0873959e-01 
   348 :  6.4162693e+00  5.0300311e-01 
   349 :  1.2428511e+00  5.2151949e-01 
   350 :  3.7546483e+00  5.2528860e-01 
   351 :  1.6837307e+00 -5.0300311e-01 
   352 :  9.3428511e+00 -5.2151949e-01 
   353 :  6.8571489e+00 -5.2151949e-01 
   354 :  1.0219565e+00 -5.0873959e-01 
   355 :  1.2463040e+01  5.0847123e-01 
   356 :  1.1832890e+01 -5.4007133e-01 
   357 :  4.3671097e+00  5.4007133e-01 
   358 :  3.7369603e+00 -5.0847123e-01 
   359 :  9.7810795e+00 -5.0907052e-01 
   360 :  6.4328837e+00 -5.3998344e-01 
   361 :  1.6671163e+00  5.3998344e-01 
   362 :  7.2857443e+00 -5.2151949e-01 
   363 :  8.9142557e+00 -5.2151949e-01 
   364 :  8.1425565e-01  5.2151949e-01 
   365 :  2.2573776e+00 -1.7786303e-01 
   366 :  2.1731066e+00  2.0808619e-02 
   367 :  4.9573776e+00 -1.7786303e-01 
   368 :  4.8731066e+00  2.0808619e-02 
   369 :  1.0357378e+01 -1.7786303e-01 
   370 :  1.0273107e+01  2.0808619e-02 
   371 :  1.3057378e+01 -1.7786303e-01 
   372 :  1.2973107e+01  2.0808619e-02 
   373 :  3.1426224e+00  1.7786303e-01 
   374 :  3.2268934e+00 -2.0808619e-02 
   375 :  5.8426224e+00  1.7786303e-01 
   376 :  5.9268934e+00 -2.0808619e-02 
   377 :  1.1242622e+01  1.7786303e-01 
   378 :  1.1326893e+01 -2.0808619e-02 
   379 :  7.6574128e+00  1.7782170e-01 
   380 :  8.5425872e+00  1.7782170e-01 
   381 :  4.4258718e-01 -1.7782170e-01 
   382 :  7.5731856e+00 -2.0745646e-02 
   383 :  8.6268144e+00 -2.0745646e-02 
   384 :  5.2684256e-01  2.0793881e-02 
   385 :  8.7629457e+00  1.5035015e-01 
   386 :  7.4370543e+00  1.5035015e-01 
   387 :  6.6294566e-01 -1.5035015e-01 
   388 :  4.7368721e+00 -1.5042476e-01 
   389 :  4.6526269e+00  5.4664146e-02 
   390 :  1.0136872e+01 -1.5042476e-01 
   391 :  1.0052824e+01  5.4514352e-02 
   392 :  1.1463128e+01  1.5042476e-01 
   393 :  1.1547373e+01 -5.4664146e-02 
   394 :  6.0631279e+00  1.5042476e-01 
   395 :  6.1471853e+00 -5.4521350e-02 
   396 :  3.3631279e+00  1.5042476e-01 
   397 :  3.4473517e+00 -5.4647831e-02 
   398 :  2.0368721e+00 -1.5042476e-01 
   399 :  1.9528147e+00  5.4521350e-02 
   400 :  1.2836872e+01 -1.5042476e-01 
   401 :  1.2752648e+01  5.4647831e-02 
   402 :  7.3530436e+00 -5.4332557e-02 
   403 :  7.4747711e-01  5.3794470e-02 
   404 :  8.8469564e+00 -5.4332600e-02 
   405 :  8.4251436e+00  7.2267959e-01 
   406 :  1.1129501e+01  7.2493534e-01 
   407 :  1.1142607e+01 -7.3273284e-01 
   408 :  1.3852929e+01  7.1592274e-01 
   409 :  1.3852929e+01 -7.1592274e-01 
   410 :  8.4488140e+00 -7.4306533e-01 
   411 :  1.4227300e+01  3.4406077e-01 
   412 :  5.7295015e+00  7.2493534e-01 
   413 :  3.0295015e+00  7.2493534e-01 
   414 :  5.0573927e+00  7.3273284e-01 
   415 :  7.7704604e+00  7.2490391e-01 
   416 :  1.0457393e+01  7.3273284e-01 
   417 :  1.3149647e+01  7.4308474e-01 
   418 :  2.3748944e+00 -7.2271101e-01 
   419 :  5.0748944e+00 -7.2271101e-01 
   420 :  7.7280137e+00 -7.3568920e-01 
   421 :  2.3573927e+00  7.3273284e-01 
   422 :  1.4224801e+01 -3.4376005e-01 
   423 :  5.7452408e+00 -7.3981809e-01 
   424 :  1.0470499e+01 -7.2493534e-01 
   425 :  1.3159313e+01 -7.2446903e-01 
   426 :  3.0452408e+00 -7.3981809e-01 
   427 :  1.2910724e+01  2.4848328e-01 
   428 :  3.2892761e+00 -2.4848328e-01 
   429 :  5.9891152e+00 -2.4829534e-01 
   430 :  2.1108848e+00  2.4829534e-01 
   431 :  1.1389285e+01 -2.4846216e-01 
   432 :  1.0210890e+01  2.4829042e-01 
   433 :  4.8107150e+00  2.4846216e-01 
   434 :  8.9809885e+00  1.1982874e-01 
   435 :  9.0643787e+00 -8.2917942e-02 
   436 :  9.1976479e+00  8.9696520e-02 
   437 :  7.2190115e+00  1.1982875e-01 
   438 :  7.1356223e+00 -8.2925325e-02 
   439 :  7.0037448e+00  8.2490278e-02 
   440 :  8.8107527e-01 -1.1991843e-01 
   441 :  9.6499501e-01  8.2274572e-02 
   442 :  1.0963725e+00 -8.2613683e-02 
   443 :  9.9186810e+00 -1.1984781e-01 
   444 :  9.8352123e+00  8.3037677e-02 
   445 :  9.7022685e+00 -8.9688568e-02 
   446 :  4.5176663e+00 -1.1958790e-01 
   447 :  4.4347185e+00  8.3461009e-02 
   448 :  4.3021821e+00 -8.9909981e-02 
   449 :  4.2194054e+00  1.1099766e-01 
   450 :  4.0874834e+00 -6.0876665e-02 
   451 :  6.2813442e+00  1.1994097e-01 
   452 :  6.3648896e+00 -8.3098565e-02 
   453 :  6.5154907e+00  9.0095192e-02 
   454 :  6.5813504e+00 -1.1099108e-01 
   455 :  1.1682334e+01  1.1958790e-01 
   456 :  1.1765281e+01 -8.3461009e-02 
   457 :  1.1897818e+01  8.9909981e-02 
   458 :  1.1980595e+01 -1.1099766e-01 
   459 :  1.2112517e+01  6.0876665e-02 
   460 :  3.5823337e+00  1.1958790e-01 
   461 :  1.8186558e+00 -1.1994097e-01 
   462 :  1.7351104e+00  8.3098565e-02 
   463 :  1.5845093e+00 -9.0095192e-02 
   464 :  1.5186496e+00  1.1099108e-01 
   465 :  1.2617666e+01 -1.1958790e-01 
   466 :  1.8699778e-01  4.4156698e-01 
   467 :  1.5919227e-01 -4.2548978e-01 
   468 : -1.8341922e-01  4.1860979e-01 
   469 : -1.8570630e-01 -4.0838638e-01 
   470 : -4.2490660e-01  1.7216838e-01 
   471 : -4.2490660e-01 -1.7146005e-01 
   472 :  1.4299784e+01 -2.3823922e-16 
   473 :  8.1000000e+00 -7.9978405e-01 
   474 :  1.0800000e+01 -7.9978405e-01 
   475 :  8.1000000e+00  7.9978405e-01 
   476 :  5.4000000e+00  7.9978405e-01 
   477 :  5.4000000e+00 -7.9978405e-01 
   478 :  2.7000000e+00  7.9978405e-01 
   479 :  2.7000000e+00 -7.9978405e-01 
   480 :  1.0800000e+01  7.9978405e-01 
   481 :  1.3500000e+01 -7.9978405e-01 
   482 :  1.3500000e+01  7.9978405e-01 
   483 :  9.6193831e+00  1.1074729e-01 
   484 :  9.2804185e+00 -1.1071001e-01 
   485 :  4.0048343e+00  1.3867478e-01 
   486 :  1.2195166e+01 -1.3867478e-01 
   487 :  3.6657932e+00 -8.3370233e-02 
   488 :  1.2534207e+01  8.3370233e-02 
   489 :  3.9507329e-01  3.5869004e-01 
   490 :  8.6949608e+00 -4.8741616e-01 
   491 :  7.5050392e+00 -4.8741616e-01 
   492 :  5.6682943e-01 -3.6363712e-01 
   493 :  8.6705872e+00  3.4911209e-01 
   494 :  7.5294128e+00  3.4911209e-01 
   495 :  4.8291159e+00 -3.4880619e-01 
   496 :  1.0229370e+01 -3.4924197e-01 
   497 :  2.1293716e+00 -3.4924150e-01 
   498 :  5.9706284e+00  3.4924150e-01 
   499 :  3.2708792e+00  3.4877910e-01 
   500 :  1.1370884e+01  3.4880619e-01 
   501 :  1.2929121e+01 -3.4877910e-01 
   502 :  1.2028609e+01  2.5014886e-01 
   503 :  4.1713914e+00 -2.5014886e-01 
   504 :  1.2244024e+01  2.3181251e-01 
   505 :  3.9559762e+00 -2.3181251e-01 
   506 :  1.1687598e+00  1.1752734e-01 
   507 :  6.9313626e+00 -1.1765637e-01 
   508 : -8.0716611e-01  1.0575623e-16 
   509 : -5.9353127e-01  5.4677204e-01 
   510 : -5.9353127e-01 -5.4677204e-01 
   511 :  4.1312426e+00  3.1926459e-01 
   512 :  1.2068757e+01 -3.1926459e-01 
   513 :  9.1493900e+00 -2.7495578e-01 
   514 :  1.0490735e+00  2.8315708e-01 
   515 :  7.0509265e+00 -2.8315708e-01 
   516 : -6.6039322e-02 -8.0373436e-01 
   517 : -4.5070582e-02  7.7744772e-01 
   518 :  1.3316233e+01  4.2919075e-01 
   519 :  1.0622495e+01  4.1563048e-01 
   520 :  8.2639483e+00  4.2127890e-01 
   521 :  1.0974933e+01  4.2816020e-01 
   522 :  1.0977505e+01 -4.1563048e-01 
   523 :  1.3917055e+01  1.7928283e-01 
   524 :  1.3845889e+01  3.7082712e-01 
   525 :  7.9250567e+00  4.2815309e-01 
   526 :  8.2900713e+00 -4.1841837e-01 
   527 :  5.2224955e+00  4.1563048e-01 
   528 :  1.3914831e+01 -1.7117525e-01 
   529 :  1.3845625e+01 -3.6986193e-01 
   530 :  7.9079042e+00 -4.4060167e-01 
   531 :  2.5224955e+00  4.1563048e-01 
   532 :  1.0625067e+01 -4.2816020e-01 
   533 :  1.3329804e+01 -4.3484912e-01 
   534 :  5.5749330e+00  4.2816020e-01 
   535 :  2.8749330e+00  4.2816020e-01 
   536 :  5.5856121e+00 -4.1785480e-01 
   537 :  5.2360662e+00 -4.2128885e-01 
   538 :  2.5360662e+00 -4.2128885e-01 
   539 :  2.8856121e+00 -4.1785480e-01 
   540 :  4.9118932e-01 -5.9552596e-01 
   541 :  6.7600098e+00  3.7933664e-02 
   542 :  6.6426885e+00  2.3652763e-01 
   543 :  1.3400244e+00 -3.7969726e-02 
   544 :  1.4573172e+00 -2.3653364e-01 
   545 :  3.6488428e-01  5.8090044e-01 
   546 :  7.5007657e+00 -2.4561244e-01 
   547 :  8.6992344e+00 -2.4561248e-01 
   548 :  1.2156880e+01  4.3229858e-01 
   549 :  4.0431201e+00 -4.3229858e-01 
   550 :  1.3529555e+01  5.2710451e-01 
   551 :  1.3529555e+01 -5.2710451e-01 
   552 :  1.2313769e+01 -3.3662873e-01 
   553 :  3.8862310e+00  3.3662873e-01 
   554 :  6.0095969e-01  2.5046264e-01 
   555 :  1.3114585e+01  3.4384625e-01 
   556 :  2.3127834e+00  3.4495585e-01 
   557 :  1.0412784e+01  3.4495544e-01 
   558 :  1.1187228e+01 -3.4496989e-01 
   559 :  3.0856346e+00 -3.4249673e-01 
   560 :  5.7856214e+00 -3.4247470e-01 
   561 :  5.0127715e+00  3.4496989e-01 
   562 :  7.6996188e+00 -3.4838277e-01 
   563 :  8.5000438e+00 -3.4468556e-01 
   564 :  1.6499346e+00  2.7227765e-01 
   565 :  1.4337150e+00  3.2138870e-01 
   566 :  6.4500654e+00 -2.7227765e-01 
   567 :  6.6662850e+00 -3.2138870e-01 
   568 :  9.7500428e+00  2.7213119e-01 
   569 :  9.5111886e+00  2.9802547e-01 
   570 :  9.1193561e+00  2.8766084e-01 
   571 :  1.0381080e+00 -2.7497485e-01 
   572 :  7.0619260e+00  2.7493934e-01 
   573 :  9.7839750e+00 -2.9079277e-01 
   574 :  9.5698101e+00 -2.6092300e-01 
   575 :  6.4253167e+00  2.8389552e-01 
   576 :  1.6746838e+00 -2.8389603e-01 
   577 :  5.8925312e-01  4.9752677e-01 
   578 :  1.2737788e+01 -3.3121553e-01 
   579 :  3.4622120e+00  3.3121553e-01 
   580 :  1.1599955e+01  3.4212525e-01 
   581 :  4.6000446e+00 -3.4212525e-01 
   582 :  1.1628983e+01 -2.5039014e-01 
   583 :  1.1505306e+01 -4.5643143e-01 
   584 :  4.5710174e+00  2.5039014e-01 
   585 :  4.6946937e+00  4.5643143e-01 
   586 :  3.5287823e+00 -2.5016646e-01 
   587 :  3.4052809e+00 -4.5646022e-01 
   588 :  1.2671218e+01  2.5016646e-01 
   589 :  1.2794719e+01  4.5646022e-01 
   590 :  1.0001200e+01 -3.3258473e-01 
   591 :  8.0024812e-01 -3.4002603e-01 
   592 :  1.1779896e+00 -3.9333487e-01 
   593 :  8.8988542e+00  3.3223081e-01 
   594 :  9.3079724e+00  3.9568834e-01 
   595 :  7.3004497e+00  3.3175774e-01 
   596 :  6.9220172e+00  3.9332777e-01 
   597 :  1.8995841e+00 -3.3787915e-01 
   598 :  6.2004159e+00  3.3787911e-01 
   599 :  6.2291271e+00 -2.4809855e-01 
   600 :  6.1053032e+00 -4.5604041e-01 
   601 :  1.8708729e+00  2.4809855e-01 
   602 :  1.9946968e+00  4.5604041e-01 
   603 :  9.9709104e+00  2.4805773e-01 
   604 :  1.0094701e+01  4.5603175e-01 
   605 :  4.3795695e+00 -2.8743909e-01 
   606 :  1.1820431e+01  2.8743909e-01 
   607 :  4.3504758e+00  2.7291434e-01 
   608 :  1.1849524e+01 -2.7291434e-01 
   609 :  1.4587467e+00 -5.4463241e-01 
   610 :  6.6412533e+00  5.4463241e-01 
   611 :  7.0619441e+00 -5.0752691e-01 
   612 :  9.5499504e+00 -4.9698615e-01 
   613 :  8.9314597e+00 -2.5366920e-01 
   614 :  7.2685556e+00 -2.5402605e-01 
   615 :  8.3427777e-01  2.5560082e-01 
   616 :  9.1285534e+00 -5.2151949e-01 
   617 :  1.0380045e+00  5.0752249e-01 
   618 :  9.5296050e+00  5.1809734e-01 
   619 :  1.2038215e+01 -5.2788761e-01 
   620 :  4.1617847e+00  5.2788761e-01 
   621 :  1.4619311e+00  5.2711733e-01 
   622 :  6.6380689e+00 -5.2711733e-01 
   623 :  9.3952196e+00  9.3785166e-02 
   624 :  9.4888682e+00 -6.9109077e-02 
   625 :  3.7918285e+00  1.6695941e-01 
   626 :  1.2408172e+01 -1.6695941e-01 
   627 :  9.3613113e+00 -3.0856518e-01 
   628 :  3.8743947e+00 -3.2139450e-02 
   629 :  1.2325605e+01  3.2139450e-02 
   630 :  3.7467427e+00 -2.8297962e-01 
   631 :  1.2453257e+01  2.8297962e-01 
   632 :  1.5304263e-01  6.6715770e-01 
   633 :  3.5480078e+00  5.1822019e-01 
   634 :  1.2651992e+01 -5.1822019e-01 
   635 :  4.5830792e+00 -5.5240209e-01 
   636 :  1.1616921e+01  5.5240209e-01 
   637 :  8.9200361e+00  5.5230324e-01 
   638 :  8.1728719e-01 -5.5797444e-01 
   639 :  7.2798247e+00  5.5220862e-01 
   640 :  9.9805929e+00 -5.5249033e-01 
   641 :  6.2192000e+00  5.5233572e-01 
   642 :  1.8808000e+00 -5.5233572e-01 
   643 :  1.2230065e+01 -5.2054718e-01 
   644 :  3.9699348e+00  5.2054718e-01 
   645 :  1.3338237e+01  6.4499214e-01 
   646 :  1.3341240e+01 -6.4413750e-01 
   647 :  1.2403899e+00  3.2557300e-01 
   648 :  6.8596101e+00 -3.2557300e-01 
   649 :  7.7310071e+00  3.7897263e-01 
   650 :  7.6030413e+00  5.8014835e-01 
   651 :  8.4756200e+00  3.7561997e-01 
   652 :  8.5972774e+00  5.7935164e-01 
   653 :  5.0243744e+00 -3.7562557e-01 
   654 :  4.9027205e+00 -5.7935058e-01 
   655 :  1.0431034e+01 -3.7903378e-01 
   656 :  1.0303066e+01 -5.8022367e-01 
   657 :  5.7689659e+00  3.7903370e-01 
   658 :  5.8969342e+00  5.8022358e-01 
   659 :  1.1169008e+01  3.7896115e-01 
   660 :  1.1296962e+01  5.8014485e-01 
   661 :  3.0690077e+00  3.7895663e-01 
   662 :  3.1969604e+00  5.8013994e-01 
   663 :  2.3243744e+00 -3.7562557e-01 
   664 :  2.2027424e+00 -5.7941895e-01 
   665 :  1.3131782e+01 -3.8007145e-01 
   666 :  1.3001554e+01 -5.8023258e-01 
   667 :  3.6328358e-01 -3.9181978e-01 
   668 :  1.2523093e+01 -3.3272149e-01 
   669 :  3.6769067e+00  3.3272149e-01 
   670 :  1.3660887e+01 -6.8202408e-01 
   671 :  1.3660887e+01  6.8202408e-01 
   672 :  0.0000000e+00  5.3204484e-01 
   673 :  1.2001845e+01  5.4549549e-01 
   674 :  4.1981553e+00 -5.4549549e-01 
   675 :  4.8665791e+00  6.2229524e-01 
   676 :  1.0266575e+01  6.2222893e-01 
   677 :  1.1333421e+01 -6.2229524e-01 
   678 :  5.9338643e+00 -6.2341124e-01 
   679 :  3.2338522e+00 -6.2348072e-01 
   680 :  2.1665746e+00  6.2223036e-01 
   681 :  1.2965296e+01  6.2402516e-01 
   682 :  7.6957842e+00 -5.4232579e-01 
   683 :  8.4612350e+00 -5.4988304e-01 
   684 :  9.9448827e+00  5.5531618e-01 
   685 :  6.2551211e+00 -5.5532709e-01 
   686 :  1.8448789e+00  5.5532709e-01 
   687 :  1.1655147e+01 -5.5550839e-01 
   688 :  4.5448527e+00  5.5550839e-01 
   689 :  3.5588893e+00 -5.5503998e-01 
   690 :  1.2641111e+01  5.5503998e-01 
   691 :  1.0977120e+01  8.1872382e-01 
   692 :  1.0932102e+01  6.3022556e-01 
   693 :  1.0664690e+01  6.3016281e-01 
   694 :  8.2809824e+00 -8.2234982e-01 
   695 :  8.2350562e+00 -6.3195786e-01 
   696 :  8.0189739e+00 -6.2572707e-01 
   697 :  2.8771199e+00  8.1872382e-01 
   698 :  2.8321017e+00  6.3022556e-01 
   699 :  2.5646896e+00  6.3016281e-01 
   700 :  2.8802678e+00 -8.2170037e-01 
   701 :  2.8363778e+00 -6.3026929e-01 
   702 :  2.5788011e+00 -6.3099505e-01 
   703 :  1.0622880e+01 -8.1872382e-01 
   704 :  1.0667898e+01 -6.3022556e-01 
   705 :  1.0935310e+01 -6.3016281e-01 
   706 :  1.4045595e+01 -6.5901075e-01 
   707 :  1.4045595e+01  6.5901075e-01 
   708 :  1.4319197e+01  1.8003174e-01 
   709 :  1.4128165e+01  1.3171243e-01 
   710 :  1.4127935e+01 -1.2920141e-01 
   711 :  1.4139137e+01 -5.1453095e-01 
   712 :  1.0984032e+01 -8.2005505e-01 
   713 :  5.5802678e+00 -8.2170037e-01 
   714 :  5.5363778e+00 -6.3026929e-01 
   715 :  5.2788011e+00 -6.3099505e-01 
   716 :  7.9228725e+00  8.1871753e-01 
   717 :  7.9678771e+00  6.3021142e-01 
   718 :  8.2218274e+00  6.3097314e-01 
   719 :  7.9086426e+00 -7.8097388e-01 
   720 :  5.5771199e+00  8.1872382e-01 
   721 :  5.5321017e+00  6.3022556e-01 
   722 :  5.2646896e+00  6.3016281e-01 
   723 :  5.2222904e+00 -8.1821713e-01 
   724 :  8.2778429e+00  8.1820646e-01 
   725 :  5.2159678e+00  8.2005505e-01 
   726 :  2.5222904e+00 -8.1821713e-01 
   727 :  1.4318023e+01 -1.8304100e-01 
   728 :  2.5159678e+00  8.2005505e-01 
   729 :  1.4139554e+01  5.1458107e-01 
   730 :  1.0615968e+01  8.2005505e-01 
   731 :  3.3339271e-01 -7.6005882e-01 
   732 :  1.3347349e-01 -8.2790733e-01 
   733 :  9.7284837e-02 -6.4133198e-01 
   734 : -2.6317353e-01  7.9470338e-01 
   735 : -4.1445921e-01  6.8958682e-01 
   736 : -3.7264194e-01  5.0489729e-01 
   737 : -2.6736728e-01 -7.9996071e-01 
   738 : -4.1515817e-01 -6.9046304e-01 
   739 : -3.7148061e-01 -5.0945331e-01 
   740 : -7.3795005e-01  4.0670472e-01 
   741 : -7.7368421e-01  2.2581878e-01 
   742 : -7.3795005e-01 -4.0670472e-01 
   743 : -7.7368421e-01 -2.2581878e-01 
   744 :  1.3097257e+01  1.6505404e-01 
   745 :  2.2969286e+00  1.6523837e-01 
   746 :  1.1203108e+01 -1.6527454e-01 
   747 :  1.0396930e+01  1.6523730e-01 
   748 :  3.1027872e+00 -1.6478413e-01 
   749 :  4.9968922e+00  1.6527454e-01 
   750 :  5.8027524e+00 -1.6474214e-01 
   751 :  1.1151102e+01 -5.3312869e-01 
   752 :  5.0488982e+00  5.3312869e-01 
   753 :  5.7528809e+00 -5.3446845e-01 
   754 :  2.3488944e+00  5.3311582e-01 
   755 :  1.0448894e+01  5.3311552e-01 
   756 :  3.0528727e+00 -5.3448322e-01 
   757 :  1.3135052e+01  5.3914614e-01 
   758 :  8.5037964e+00 -1.6427013e-01 
   759 :  7.6961554e+00 -1.6479830e-01 
   760 :  3.9434414e-01  1.6364701e-01 
   761 :  1.2393175e+00 -2.3147717e-01 
   762 :  6.8607061e+00  2.3145240e-01 
   763 :  1.4032996e+01 -3.4495802e-01 
   764 :  1.4032996e+01  3.4495802e-01 
   765 :  1.3663293e+01  3.9422476e-01 
   766 :  1.3663293e+01 -3.9422476e-01 
   767 :  1.3311583e+01 -8.2550710e-01 
   768 :  1.3311583e+01  8.2550710e-01 
   769 :  3.9030635e+00 -5.4449090e-01 
   770 :  1.2296937e+01  5.4449090e-01 
   771 :  6.8528597e+00  5.5526358e-01 
   772 :  1.2471409e+00 -5.5526418e-01 
   773 :  9.3428511e+00  5.6787756e-01 
   774 : -6.1800986e-01  1.1239918e-01 
   775 : -6.0930283e-01 -1.0343547e-01 
   776 :  1.3448077e+00  1.6275009e-01 
   777 :  6.7552083e+00 -1.6276694e-01 
   778 :  7.2123081e-01  3.8089497e-01 
   779 :  3.3159703e-01  7.6677736e-01 
   780 :  8.8305913e+00 -3.8142944e-01 
   781 :  7.3694132e+00 -3.8146801e-01 
   782 :  6.4634378e-01 -5.2323855e-01 
   783 : -5.4733942e-01  3.3870818e-01 
   784 : -5.4733942e-01 -3.3870818e-01 
   785 : -4.7542518e-01  1.9344078e-03 
   786 :  2.8886854e-01 -5.6284526e-01 
   787 :  8.4032863e+00  5.4652522e-01 
   788 :  7.7994885e+00  5.4847788e-01 
   789 :  5.1033713e+00 -5.4599421e-01 
   790 :  1.0499513e+01 -5.4851571e-01 
   791 :  5.7004873e+00  5.4851567e-01 
   792 :  3.0005009e+00  5.4848353e-01 
   793 :  1.1100501e+01  5.4848542e-01 
   794 :  2.4033757e+00 -5.4600789e-01 
   795 :  1.3192739e+01 -5.5275194e-01 
   796 :  8.6119257e+00 -6.6900182e-01 
   797 :  7.5779396e+00 -6.6385243e-01 
   798 : -1.9350944e-01  6.2227588e-01 
   799 : -1.7459848e-01 -6.1771917e-01 
   800 :  5.3241405e-01  6.8404559e-01 
   801 :  1.2322827e+01  4.0001057e-01 
   802 :  3.8771726e+00 -4.0001057e-01 
   803 :  1.0275749e+01  4.4858825e-01 
   804 :  2.1757486e+00  4.4858936e-01 
   805 :  5.9242965e+00 -4.4859318e-01 
   806 :  4.8757548e+00  4.4863562e-01 
   807 :  1.1324245e+01 -4.4863562e-01 
   808 :  1.2974800e+01  4.4912129e-01 
   809 :  3.2242741e+00 -4.4864338e-01 
   810 :  1.0798844e+01  4.8083581e-01 
   811 :  2.6988440e+00  4.8083581e-01 
   812 :  1.0801156e+01 -4.8083581e-01 
   813 :  2.7111350e+00 -4.7407652e-01 
   814 :  8.1106108e+00 -4.8069400e-01 
   815 :  8.0937771e+00  4.7982423e-01 
   816 :  5.3988440e+00  4.8083581e-01 
   817 :  5.4111350e+00 -4.7407652e-01 
   818 :  1.3977597e+01  2.1237204e-03 
   819 :  6.5591807e+00  3.8779560e-01 
   820 :  1.5408198e+00 -3.8779607e-01 
   821 :  1.3756932e+01  5.3657547e-01 
   822 :  1.3756916e+01 -5.3651685e-01 
   823 : -3.4831299e-01 -3.2802799e-01 
   824 : -3.4808784e-01  3.2930313e-01 
   825 :  9.3062769e+00  2.3297127e-01 
   826 :  9.8706996e+00  4.0470645e-01 
   827 :  1.7706718e+00  4.0474564e-01 
   828 :  6.3293282e+00 -4.0474564e-01 
   829 :  9.1688572e-01  3.9186625e-01 
   830 :  1.1729304e+01 -4.0541956e-01 
   831 :  4.4706955e+00  4.0541956e-01 
   832 :  7.1822501e+00 -3.9185926e-01 
   833 :  9.0302132e+00 -3.9358594e-01 
   834 :  1.2604669e+01  4.1062350e-01 
   835 :  3.5953311e+00 -4.1062350e-01 
   836 :  1.3692154e+01  8.3798493e-01 
   837 :  1.3692154e+01 -8.3798493e-01 
   838 :  9.6712038e+00 -3.8944311e-01 
   839 :  1.0141967e+01 -5.0599629e-01 
   840 :  7.4418484e+00  5.0574249e-01 
   841 :  8.7581247e+00  5.0573057e-01 
   842 :  2.0418772e+00 -5.0622191e-01 
   843 :  6.0581060e+00  5.0626380e-01 
   844 :  1.2830280e+01 -4.9980395e-01 
   845 :  3.3641324e+00  5.0171815e-01 
   846 :  1.1457902e+01  5.0642955e-01 
   847 :  4.7420813e+00 -5.0638820e-01 
   848 :  4.2516586e+00 -3.9762277e-01 
   849 :  1.1948341e+01  3.9762277e-01 
   850 :  1.5003860e-01  8.3873057e-01 
   851 : -1.3722490e-02 -4.7070439e-01 
   852 :  1.3945649e+01  5.2364586e-01 
   853 :  1.3945533e+01 -5.2346687e-01 
   854 :  7.8518637e+00 -6.2506352e-01 
   855 :  6.7464509e+00  3.9149990e-01 
   856 :  1.3535553e+00 -3.9150639e-01 
   857 :  1.5722441e+00  4.1157676e-01 
   858 :  6.5277559e+00 -4.1157676e-01 
   859 :  9.6637915e+00  4.1094035e-01 
   860 :  1.1936283e+01 -4.1114888e-01 
   861 :  4.2637167e+00  4.1114888e-01 
   862 :  9.2357023e+00 -4.1065744e-01 
Number of edges 341 
     0 :      0     50 
     1 :     50     51 
     2 :     51     52 
     3 :     52     53 
     4 :     53     54 
     5 :     54     55 
     6 :     55     56 
     7 :     56     57 
     8 :     57     58 
     9 :     58     59 
    10 :     59     60 
    11 :     60     61 
    12 :     61     62 
    13 :     62     63 
    14 :     63     64 
    15 :     64     65 
    16 :     65     66 
    17 :     66     67 
    18 :     67      1 
    19 :      2     68 
    20 :     68     69 
    21 :     69     70 
    22 :     70     71 
    23 :     71     72 
    24 :     72     73 
    25 :     73     74 
    26 :     74      2 
    27 :      3     75 
    28 :     75     76 
    29 :     76     77 
    30 :     77     78 
    31 :     78     79 
    32 :     79      5 
    33 :      4     80 
    34 :     80     81 
    35 :     81     82 
    36 :     82     83 
    37 :     83     84 
    38 :     84      6 
    39 :      7     85 
    40 :     85     86 
    41 :     86     87 
    42 :     87     88 
    43 :     88     89 
    44 :     89     90 
    45 :     90      8 
    46 :      9     91 
    47 :     91     92 
    48 :     92     93 
    49 :     93     94 
    50 :     94     95 
    51 :     95     96 
    52 :     96     10 
    53 :     11     97 
    54 :     97     98 
    55 :     98     99 
    56 :     99    100 
    57 :    100    101 
    58 :    101    102 
    59 :    102    103 
    60 :    103     11 
    61 :     12    104 
    62 :    104    105 
    63 :    105    106 
    64 :    106    107 
    65 :    107    108 
    66 :    108     14 
    67 :     13    109 
    68 :    109    110 
    69 :    110    111 
    70 :    111    112 
    71 :    112    113 
    72 :    113     15 
    73 :     16    114 
    74 :    114    115 
    75 :    115    116 
    76 :    116    117 
    77 :    117    118 
    78 :    118    119 
    79 :    119     17 
    80 :     18    120 
    81 :    120    121 
    82 :    121    122 
    83 :    122    123 
    84 :    123    124 
    85 :    124    125 
    86 :    125     19 
    87 :     20    126 
    88 :    126    127 
    89 :    127    128 
    90 :    128    129 
    91 :    129    130 
    92 :    130    131 
    93 :    131    132 
    94 :    132     20 
    95 :     21    133 
    96 :    133    134 
    97 :    134    135 
    98 :    135    136 
    99 :    136    137 
   100 :    137     23 
   101 :     22    138 
   102 :    138    139 
   103 :    139    140 
   104 :    140    141 
   105 :    141    142 
   106 :    142     24 
   107 :     25    143 
   108 :    143    144 
   109 :    144    145 
   110 :    145    146 
   111 :    146    147 
   112 :    147    148 
   113 :    148     26 
   114 :     27    149 
   115 :    149    150 
   116 :    150    151 
   117 :    151    152 
   118 :    152    153 
   119 :    153    154 
   120 :    154     28 
   121 :     29    155 
   122 :    155    156 
   123 :    156    157 
   124 :    157    158 
   125 :    158    159 
   126 :    159    160 
   127 :    160    161 
   128 :    161     29 
   129 :     30    162 
   130 :    162    163 
   131 :    163    164 
   132 :    164    165 
   133 :    165    166 
   134 :    166     32 
   135 :     31    167 
   136 :    167    168 
   137 :    168    169 
   138 :    169    170 
   139 :    170    171 
   140 :    171     33 
   141 :     34    172 
   142 :    172    173 
   143 :    173    174 
   144 :    174    175 
   145 :    175    176 
   146 :    176    177 
   147 :    177     35 
   148 :     36    178 
   149 :    178    179 
   150 :    179    180 
   151 :    180    181 
   152 :    181    182 
   153 :    182    183 
   154 :    183     37 
   155 :     38    184 
   156 :    184    185 
   157 :    185    186 
   158 :    186    187 
   159 :    187    188 
   160 :    188    189 
   161 :    189    190 
   162 :    190     38 
   163 :     39    191 
   164 :    191    192 
   165 :    192    193 
   166 :    193    194 
   167 :    194    195 
   168 :    195     41 
   169 :     40    196 
   170 :    196    197 
   171 :    197    198 
   172 :    198    199 
   173 :    199    200 
   174 :    200     42 
   175 :     43    201 
   176 :    201    202 
   177 :    202    203 
   178 :    203    204 
   179 :    204    205 
   180 :    205    206 
   181 :    206     44 
   182 :     45    207 
   183 :    207    208 
   184 :    208    209 
   185 :    209    210 
   186 :    210    211 
   187 :    211    212 
   188 :    212     46 
   189 :     47    213 
   190 :    213    214 
   191 :    214    215 
   192 :    215    216 
   193 :    216    217 
   194 :    217    218 
   195 :    218     48 
   196 :     49    219 
   197 :    219    220 
   198 :    220    221 
   199 :    221    222 
   200 :    222    223 
   201 :    223    224 
   202 :    224    225 
   203 :    225     49 
   204 :      0    226 
   205 :    226    227 
   206 :    227    228 
   207 :    228    229 
   208 :    229    230 
   209 :    230      5 
   210 :      1    231 
   211 :    231    232 
   212 :    232    233 
   213 :    233    234 
   214 :    234    235 
   215 :    235      6 
   216 :      7    236 
   217 :    236    237 
   218 :    237    238 
   219 :    238    239 
   220 :    239    240 
   221 :    240    241 
   222 :    241      5 
   223 :      6    242 
   224 :    242    243 
   225 :    243    244 
   226 :    244    245 
   227 :    245    246 
   228 :    246    247 
   229 :    247     10 
   230 :      7    248 
   231 :    248    249 
   232 :    249    250 
   233 :    250    251 
   234 :    251    252 
   235 :    252     14 
   236 :     10    253 
   237 :    253    254 
   238 :    254    255 
   239 :    255    256 
   240 :    256    257 
   241 :    257     15 
   242 :     16    258 
   243 :    258    259 
   244 :    259    260 
   245 :    260    261 
   246 :    261    262 
   247 :    262    263 
   248 :    263     14 
   249 :     15    264 
   250 :    264    265 
   251 :    265    266 
   252 :    266    267 
   253 :    267    268 
   254 :    268    269 
   255 :    269     19 
   256 :     16    270 
   257 :    270    271 
   258 :    271    272 
   259 :    272    273 
   260 :    273    274 
   261 :    274     23 
   262 :     19    275 
   263 :    275    276 
   264 :    276    277 
   265 :    277    278 
   266 :    278    279 
   267 :    279     24 
   268 :     25    280 
   269 :    280    281 
   270 :    281    282 
   271 :    282    283 
   272 :    283    284 
   273 :    284    285 
   274 :    285     23 
   275 :     24    286 
   276 :    286    287 
   277 :    287    288 
   278 :    288    289 
   279 :    289    290 
   280 :    290    291 
   281 :    291     28 
   282 :     25    292 
   283 :    292    293 
   284 :    293    294 
   285 :    294    295 
   286 :    295    296 
   287 :    296     32 
   288 :     28    297 
   289 :    297    298 
   290 :    298    299 
   291 :    299    300 
   292 :    300    301 
   293 :    301     33 
   294 :     34    302 
   295 :    302    303 
   296 :    303    304 
   297 :    304    305 
   298 :    305    306 
   299 :    306    307 
   300 :    307     32 
   301 :     33    308 
   302 :    308    309 
   303 :    309    310 
   304 :    310    311 
   305 :    311    312 
   306 :    312    313 
   307 :    313     37 
   308 :     34    314 
   309 :    314    315 
   310 :    315    316 
   311 :    316    317 
   312 :    317    318 
   313 :    318     41 
   314 :     37    319 
   315 :    319    320 
   316 :    320    321 
   317 :    321    322 
   318 :    322    323 
   319 :    323     42 
   320 :     43    324 
   321 :    324    325 
   322 :    325    326 
   323 :    326    327 
   324 :    327    328 
   325 :    328    329 
   326 :    329     41 
   327 :     45    330 
   328 :    330    331 
   329 :    331    332 
   330 :    332    333 
   331 :    333    334 
   332 :    334    335 
   333 :    335     43 
   334 :     42    336 
   335 :    336    337 
   336 :    337    338 
   337 :    338    339 
   338 :    339    340 
   339 :    340    341 
   340 :    341     45 
Number of triangles 1256 
     0 :    344    593    570
     1 :    572    595    347
     2 :    571    591    354
     3 :    359    590    573
     4 :    348    598    575
     5 :    351    597    576
     6 :    454    541    453
     7 :    464    543    463
     8 :    581    605    346
     9 :    580    606    345
    10 :    346    635    581
    11 :    345    636    580
    12 :    344    637    593
    13 :    595    639    347
    14 :    591    638    354
    15 :    359    640    590
    16 :    348    641    598
    17 :    351    642    597
    18 :    574    627    612
    19 :    491    562    546
    20 :    547    563    490
    21 :    541    542    453
    22 :    543    544    463
    23 :    619    643    512
    24 :    620    644    511
    25 :    512    643    552
    26 :    511    644    553
    27 :    490    780    547
    28 :    546    781    491
    29 :    407    751    705
    30 :    414    752    722
    31 :    421    754    699
    32 :    416    755    693
    33 :     23    650    285
    34 :    280    652     25
    35 :    242    664      6
    36 :    336    666     42
    37 :    302    660     34
    38 :    308    656     33
    39 :    236    662      7
    40 :    258    658     16
    41 :    264    654     15
    42 :    554    577    489
    43 :    683    695    410
    44 :    526    695    683
    45 :    604    676     32
    46 :    554    778    577
    47 :    602    680      5
    48 :    600    678     19
    49 :    583    677     37
    50 :    585    675     14
    51 :    589    681     41
    52 :    587    679     10
    53 :    705    751    522
    54 :    722    752    527
    55 :    699    754    531
    56 :    693    755    519
    57 :    612    627    352
    58 :    514    647    617
    59 :    515    648    611
    60 :    569    618    594
    61 :    617    647    349
    62 :    611    648    353
    63 :    565    621    349
    64 :    567    622    353
    65 :    349    647    565
    66 :    353    648    567
    67 :    628    630    505
    68 :    629    631    504
    69 :    624    627    574
    70 :    492    667    540
    71 :    405    652    280
    72 :    285    650    415
    73 :    419    654    264
    74 :    424    656    308
    75 :    412    658    258
    76 :    406    660    302
    77 :    418    664    242
    78 :    413    662    236
    79 :    425    666    336
    80 :    484    623    436
    81 :    487    630    628
    82 :    488    631    629
    83 :    484    624    623
    84 :    484    627    624
    85 :    487    625    460
    86 :    488    626    465
    87 :    487    628    625
    88 :    488    629    626
    89 :    604    803    676
    90 :    602    804    680
    91 :    600    805    678
    92 :    618    773    594
    93 :    583    807    677
    94 :    585    806    675
    95 :    589    808    681
    96 :    587    809    679
    97 :    710    763    422
    98 :    255    674    549
    99 :    316    673    548
   100 :    540    782    492
   101 :    549    769    255
   102 :    548    770    316
   103 :    426    756    701
   104 :    423    753    714
   105 :    594    825    569
   106 :    612    838    574
   107 :    342    668    552
   108 :    350    669    553
   109 :    701    756    539
   110 :    714    753    536
   111 :     32    684    604
   112 :      5    686    602
   113 :     19    685    600
   114 :     37    687    583
   115 :     14    688    585
   116 :    569    825    623
   117 :     41    690    589
   118 :     10    689    587
   119 :    552    643    342
   120 :    553    644    350
   121 :    544    576    463
   122 :    542    575    453
   123 :    634    668    342
   124 :    633    669    350
   125 :    454    777    541
   126 :    464    776    543
   127 :    718    787    405
   128 :    702    794    418
   129 :    715    789    419
   130 :    705    712    407
   131 :    699    728    421
   132 :    418    726    702
   133 :    693    730    416
   134 :    422    727    710
   135 :    722    725    414
   136 :    419    723    715
   137 :    405    724    718
   138 :    731    786    733
   139 :    489    577    545
   140 :    578    668    634
   141 :    579    669    633
   142 :    731    733    732
   143 :    551    646    481
   144 :    482    645    550
   145 :    481    670    551
   146 :    550    671    482
   147 :    743    784    775
   148 :    774    783    741
   149 :    738    799    739
   150 :    736    798    735
   151 :    645    757    518
   152 :    354    592    571
   153 :    347    596    572
   154 :    570    594    344
   155 :    742    784    743
   156 :    741    783    740
   157 :    737    799    738
   158 :    735    798    734
   159 :    528    763    710
   160 :    411    764    709
   161 :    666    844     42
   162 :    662    845      7
   163 :     23    840    650
   164 :    652    841     25
   165 :    660    846     34
   166 :    654    847     15
   167 :    656    839     33
   168 :    664    842      6
   169 :    658    843     16
   170 :      1    540     67
   171 :    563    683    490
   172 :    491    682    562
   173 :    492    782    591
   174 :    591    782    638
   175 :    417    757    645
   176 :    409    853    822
   177 :    821    852    408
   178 :    573    590    443
   179 :    570    593    434
   180 :    440    591    571
   181 :    437    595    572
   182 :    576    597    461
   183 :    575    598    451
   184 :    667    786    540
   185 :    427    744    555
   186 :    430    745    556
   187 :    432    747    557
   188 :    428    748    559
   189 :    433    749    561
   190 :    429    750    560
   191 :    431    746    558
   192 :    379    386    382
   193 :    383    385    380
   194 :    381    387    384
   195 :    386    595    437
   196 :    434    593    385
   197 :    387    591    440
   198 :    443    590    390
   199 :    368    388    367
   200 :    378    392    377
   201 :    376    394    375
   202 :    370    390    369
   203 :    374    396    373
   204 :    372    400    371
   205 :    366    398    365
   206 :    461    597    398
   207 :    451    598    394
   208 :    561    806    433
   209 :    558    807    431
   210 :    556    804    430
   211 :    560    805    429
   212 :    557    803    432
   213 :    555    808    427
   214 :    559    809    428
   215 :    452    599    566
   216 :    462    601    564
   217 :    562    759    546
   218 :    547    758    563
   219 :    444    603    568
   220 :    460    669    579
   221 :    465    668    578
   222 :    389    584    447
   223 :    393    582    456
   224 :    401    465    400
   225 :    397    460    396
   226 :    386    437    402
   227 :    404    434    385
   228 :    387    440    403
   229 :    366    399    398
   230 :    368    389    388
   231 :    378    393    392
   232 :    376    395    394
   233 :    374    397    396
   234 :    372    401    400
   235 :    370    391    390
   236 :    392    580    500
   237 :    388    581    495
   238 :    391    443    390
   239 :    396    579    499
   240 :    400    578    501
   241 :    395    451    394
   242 :    399    461    398
   243 :    387    403    384
   244 :    386    402    382
   245 :    383    404    385
   246 :    393    455    392
   247 :    389    446    388
   248 :    379    382    158
   249 :    381    384      2
   250 :     29    383    380
   251 :    222    372    371
   252 :    187    370    369
   253 :     20    376    375
   254 :     11    374    373
   255 :    100    366    365
   256 :    129    368    367
   257 :     38    378    377
   258 :    390    590    496
   259 :    395    599    452
   260 :    399    601    462
   261 :    391    603    444
   262 :    492    591    387
   263 :    385    593    493
   264 :    494    595    386
   265 :    391    444    443
   266 :    395    452    451
   267 :    399    462    461
   268 :    388    495    367
   269 :    396    499    373
   270 :    392    500    377
   271 :    394    498    375
   272 :    398    497    365
   273 :    400    501    371
   274 :    390    496    369
   275 :    398    597    497
   276 :    394    598    498
   277 :    385    493    380
   278 :    379    494    386
   279 :    381    492    387
   280 :    431    582    393
   281 :    433    584    389
   282 :    389    447    446
   283 :    393    456    455
   284 :    404    435    434
   285 :    437    438    402
   286 :    440    441    403
   287 :    397    586    487
   288 :    401    588    488
   289 :    522    558    190
   290 :    531    556     99
   291 :    536    560    132
   292 :    539    559    103
   293 :    527    561    128
   294 :    518    555    221
   295 :    519    557    186
   296 :    502    606    457
   297 :    503    605    448
   298 :    428    586    397
   299 :    427    588    401
   300 :    515    614    438
   301 :    435    613    513
   302 :    526    563    161
   303 :    159    562    530
   304 :    584    607    447
   305 :    582    608    456
   306 :     53    517     52
   307 :     65    516     64
   308 :    444    445    443
   309 :    401    488    465
   310 :    397    487    460
   311 :     62    510     61
   312 :     56    509     55
   313 :    456    457    455
   314 :    447    448    446
   315 :     59    508     58
   316 :    457    606    455
   317 :    448    605    446
   318 :    440    442    441
   319 :    435    436    434
   320 :    437    439    438
   321 :    465    578    400
   322 :    460    579    396
   323 :    431    583    582
   324 :    433    585    584
   325 :    187    369    188
   326 :     29    380    155
   327 :     38    377    184
   328 :     74    381      2
   329 :     20    375    126
   330 :    157    379    158
   331 :    222    371    223
   332 :     11    373     97
   333 :    129    367    130
   334 :    100    365    101
   335 :    455    580    392
   336 :    446    581    388
   337 :    427    589    588
   338 :    428    587    586
   339 :    404    613    435
   340 :    438    614    402
   341 :    625    669    460
   342 :    626    668    465
   343 :    449    607    511
   344 :    458    608    512
   345 :    378    431    393
   346 :    366    430    399
   347 :    368    433    389
   348 :    376    429    395
   349 :    374    428    397
   350 :    372    427    401
   351 :    370    432    391
   352 :    462    463    461
   353 :    452    453    451
   354 :    429    599    395
   355 :    430    601    399
   356 :    447    607    449
   357 :    456    608    458
   358 :    446    605    581
   359 :    455    606    580
   360 :    432    603    391
   361 :    447    449    448
   362 :    456    458    457
   363 :    445    573    443
   364 :    440    571    442
   365 :    437    572    439
   366 :    436    570    434
   367 :    445    574    573
   368 :    220    550    518
   369 :    533    551    224
   370 :    523    524    219
   371 :    225    529    528
   372 :    429    600    599
   373 :    430    602    601
   374 :    432    604    603
   375 :    444    483    445
   376 :    452    566    454
   377 :    462    564    464
   378 :    383    547    404
   379 :    402    546    382
   380 :    462    464    463
   381 :    452    454    453
   382 :    463    576    461
   383 :    453    575    451
   384 :    435    484    436
   385 :    458    459    457
   386 :    449    450    448
   387 :    564    565    464
   388 :    566    567    454
   389 :    526    683    563
   390 :    562    682    530
   391 :    439    507    438
   392 :    442    506    441
   393 :    185    519    186
   394 :    220    518    221
   395 :    188    532    189
   396 :    223    533    224
   397 :    159    530    160
   398 :    184    521    185
   399 :    155    520    156
   400 :    131    536    132
   401 :    156    525    157
   402 :     49    523    219
   403 :    101    538    102
   404 :    189    522    190
   405 :    160    526    161
   406 :    102    539    103
   407 :    225    528     49
   408 :     98    531     99
   409 :     97    535     98
   410 :    126    534    127
   411 :    130    537    131
   412 :    127    527    128
   413 :    459    502    457
   414 :    450    503    448
   415 :     68    489    466
   416 :    403    554    384
   417 :    489    760    554
   418 :    444    568    483
   419 :    568    569    483
   420 :    511    553    485
   421 :    512    552    486
   422 :    435    513    484
   423 :    507    515    438
   424 :    506    514    441
   425 :    442    543    506
   426 :    439    541    507
   427 :    505    549    503
   428 :    504    548    502
   429 :    459    504    502
   430 :    450    505    503
   431 :    449    511    485
   432 :    458    512    486
   433 :    403    615    554
   434 :    449    485    450
   435 :    458    486    459
   436 :    544    820    576
   437 :    542    819    575
   438 :    299    352    298
   439 :    359    612    300
   440 :    300    612    299
   441 :    251    357    252
   442 :    273    347    274
   443 :    276    360    275
   444 :    248    350    249
   445 :    254    358    253
   446 :    278    353    277
   447 :    232    354    231
   448 :    229    361    230
   449 :    235    351    234
   450 :    227    349    228
   451 :    292    344    293
   452 :    295    343    296
   453 :    314    345    315
   454 :    317    355    318
   455 :    320    356    319
   456 :    323    342    322
   457 :    299    612    352
   458 :    301    359    300
   459 :    257    346    256
   460 :    270    348    271
   461 :    547    613    404
   462 :    402    614    546
   463 :    541    762    542
   464 :    543    761    544
   465 :    234    609    233
   466 :    351    609    234
   467 :    348    610    271
   468 :    271    610    272
   469 :    586    630    487
   470 :    588    631    488
   471 :    445    624    574
   472 :    289    473    288
   473 :    327    482    326
   474 :    305    480    304
   475 :    311    474    310
   476 :    339    481    338
   477 :    239    478    238
   478 :    245    479    244
   479 :    333    472    332
   480 :    261    476    260
   481 :    283    475    282
   482 :    267    477    266
   483 :    295    618    343
   484 :    307    416    306
   485 :    329    417    328
   486 :    303    406    302
   487 :    325    408    324
   488 :    281    405    280
   489 :    309    424    308
   490 :    287    420    286
   491 :    247    426    246
   492 :    265    419    264
   493 :    243    418    242
   494 :    241    421    240
   495 :    263    414    262
   496 :    285    415    284
   497 :    269    423    268
   498 :    237    413    236
   499 :    335    411    334
   500 :    259    412    258
   501 :    337    425    336
   502 :    341    409    340
   503 :    291    410    290
   504 :    313    407    312
   505 :    331    422    330
   506 :    320    619    356
   507 :    251    620    357
   508 :    229    621    361
   509 :    276    622    360
   510 :    353    622    277
   511 :    349    621    228
   512 :    227    617    349
   513 :    226    617    227
   514 :    278    611    353
   515 :    352    616    298
   516 :    298    616    297
   517 :    279    611    278
   518 :    514    615    441
   519 :    294    618    295
   520 :    459    629    504
   521 :    450    628    505
   522 :    321    619    320
   523 :    250    620    251
   524 :    483    624    445
   525 :    441    615    403
   526 :    228    621    229
   527 :    277    622    276
   528 :    569    623    483
   529 :    553    625    485
   530 :    552    626    486
   531 :    485    628    450
   532 :    486    629    459
   533 :     24    362    279
   534 :      0    364    226
   535 :    297    363     28
   536 :    513    627    484
   537 :    623    624    483
   538 :     71    471     72
   539 :     70    470     71
   540 :     72    469     73
   541 :     69    468     70
   542 :     68    466     69
   543 :     73    467     74
   544 :    625    628    485
   545 :    626    629    486
   546 :    489    545    466
   547 :    297    616    363
   548 :    364    617    226
   549 :    362    611    279
   550 :    552    668    626
   551 :    553    669    625
   552 :     24    491    362
   553 :    363    490     28
   554 :    323    634    342
   555 :    248    633    350
   556 :    314    636    345
   557 :    257    635    346
   558 :    347    639    274
   559 :    292    637    344
   560 :    354    638    231
   561 :    301    640    359
   562 :    507    648    515
   563 :    506    647    514
   564 :    270    641    348
   565 :    235    642    351
   566 :    408    852    707
   567 :    706    853    409
   568 :    545    632    466
   569 :    415    788    717
   570 :    692    793    406
   571 :    698    792    413
   572 :    704    790    424
   573 :    721    791    412
   574 :    380    651    155
   575 :    157    649    379
   576 :    367    653    130
   577 :    369    655    188
   578 :    375    657    126
   579 :    373    661     97
   580 :    377    659    184
   581 :    365    663    101
   582 :    371    665    223
   583 :      0    577    364
   584 :    342    643    322
   585 :    350    644    249
   586 :    355    801    631
   587 :    358    802    630
   588 :    525    649    157
   589 :    155    651    520
   590 :    130    653    537
   591 :    126    657    534
   592 :     97    661    535
   593 :    188    655    532
   594 :    223    665    533
   595 :    184    659    521
   596 :    101    663    538
   597 :     74    667    381
   598 :    250    644    620
   599 :    321    643    619
   600 :    691    692    406
   601 :    410    695    694
   602 :    697    698    413
   603 :    703    704    424
   604 :    426    701    700
   605 :    415    717    716
   606 :    720    721    412
   607 :    423    714    713
   608 :    411    709    708
   609 :      7    633    248
   610 :     42    634    323
   611 :     15    635    257
   612 :     34    636    314
   613 :    578    844    501
   614 :    579    845    499
   615 :    517    672    632
   616 :    709    764    523
   617 :    580    846    500
   618 :    581    847    495
   619 :     25    637    292
   620 :    231    638      1
   621 :    274    639     23
   622 :     33    640    301
   623 :     16    641    270
   624 :      6    642    235
   625 :    592    761    571
   626 :    596    762    572
   627 :    427    808    589
   628 :    428    809    587
   629 :    433    806    585
   630 :    431    807    583
   631 :    429    805    600
   632 :    430    804    602
   633 :    432    803    604
   634 :    696    854    719
   635 :    354    772    592
   636 :    347    771    596
   637 :    682    854    530
   638 :    594    773    344
   639 :    467    667     74
   640 :    372    744    427
   641 :    366    745    430
   642 :    370    747    432
   643 :    374    748    428
   644 :    376    750    429
   645 :    368    749    433
   646 :    378    746    431
   647 :    315    673    316
   648 :    256    674    255
   649 :    590    839    496
   650 :    597    842    497
   651 :    598    843    498
   652 :    494    840    595
   653 :    593    841    493
   654 :    571    761    442
   655 :    572    762    439
   656 :    383    758    547
   657 :    546    759    382
   658 :    631    834    355
   659 :    630    835    358
   660 :    554    760    384
   661 :    649    650    494
   662 :    493    652    651
   663 :    500    660    659
   664 :    496    656    655
   665 :    495    654    653
   666 :    498    658    657
   667 :    499    662    661
   668 :    497    664    663
   669 :    501    666    665
   670 :    319    687     37
   671 :    252    688     14
   672 :    296    684     32
   673 :    275    685     19
   674 :    230    686      5
   675 :    762    855    542
   676 :    761    856    544
   677 :    253    689     10
   678 :    318    690     41
   679 :    634    844    578
   680 :    633    845    579
   681 :    636    846    580
   682 :    635    847    581
   683 :    583    830    582
   684 :    585    831    584
   685 :    611    832    515
   686 :    249    644    250
   687 :    322    643    321
   688 :    316    770    317
   689 :    255    769    254
   690 :    232    772    354
   691 :    273    771    347
   692 :    600    828    599
   693 :    602    827    601
   694 :    604    826    603
   695 :    344    773    293
   696 :    617    829    514
   697 :    587    835    586
   698 :    589    834    588
   699 :    541    777    507
   700 :    543    776    506
   701 :    609    772    233
   702 :    610    771    272
   703 :    294    773    618
   704 :    533    646    551
   705 :    550    645    518
   706 :     69    672    468
   707 :    466    672     69
   708 :    548    849    502
   709 :    549    848    503
   710 :    522    751    558
   711 :    527    752    561
   712 :    531    754    556
   713 :    536    753    560
   714 :    519    755    557
   715 :    539    756    559
   716 :    518    757    555
   717 :    640    839    590
   718 :    595    840    639
   719 :    637    841    593
   720 :    642    842    597
   721 :    641    843    598
   722 :    495    653    367
   723 :    498    657    375
   724 :    500    659    377
   725 :    496    655    369
   726 :    499    661    373
   727 :    497    663    365
   728 :    501    665    371
   729 :    379    649    494
   730 :    493    651    380
   731 :    520    787    718
   732 :    538    794    702
   733 :    537    789    715
   734 :    381    667    492
   735 :    507    777    648
   736 :    506    776    647
   737 :    575    819    348
   738 :    576    820    351
   739 :    719    854    420
   740 :    573    838    359
   741 :    609    856    772
   742 :    610    855    771
   743 :    733    851    799
   744 :     37    677    313
   745 :     14    675    263
   746 :     19    678    269
   747 :      5    680    241
   748 :     32    676    307
   749 :     10    679    247
   750 :     41    681    329
   751 :      1    782    540
   752 :    605    848    346
   753 :    606    849    345
   754 :    596    855    762
   755 :    592    856    761
   756 :    702    726    479
   757 :    478    728    699
   758 :    696    719    473
   759 :    474    712    705
   760 :    480    730    693
   761 :    710    727    472
   762 :    718    724    475
   763 :    715    723    477
   764 :    476    725    722
   765 :     50    800      0
   766 :    517    798    672
   767 :    684    826    604
   768 :    685    828    600
   769 :    686    827    602
   770 :    687    830    583
   771 :    688    831    585
   772 :    673    849    548
   773 :    674    848    549
   774 :    689    835    587
   775 :    690    834    589
   776 :    345    673    315
   777 :    346    674    256
   778 :    733    799    516
   779 :    632    672    466
   780 :     65    732    516
   781 :     53    734    517
   782 :    516    737     64
   783 :     56    740    509
   784 :    510    742     61
   785 :    509    735     55
   786 :     62    738    510
   787 :    508    741     58
   788 :     59    743    508
   789 :    263    675    414
   790 :    313    677    407
   791 :    269    678    423
   792 :    241    680    421
   793 :    307    676    416
   794 :     68    760    489
   795 :    247    679    426
   796 :    329    681    417
   797 :    739    823    784
   798 :    783    824    736
   799 :    343    684    296
   800 :    360    685    275
   801 :    361    686    230
   802 :    356    687    319
   803 :    357    688    252
   804 :    358    689    253
   805 :    355    690    318
   806 :    577    800    545
   807 :    555    744    221
   808 :    558    746    190
   809 :    560    750    132
   810 :    561    749    128
   811 :    556    745     99
   812 :    559    748    103
   813 :    557    747    186
   814 :    733    786    467
   815 :     28    796    291
   816 :    286    797     24
   817 :     51    779     50
   818 :    739    784    510
   819 :    509    783    736
   820 :    563    758    161
   821 :    159    759    562
   822 :      7    845    633
   823 :     42    844    634
   824 :     15    847    635
   825 :     34    846    636
   826 :     67    731     66
   827 :     29    758    383
   828 :    382    759    158
   829 :    384    760      2
   830 :    304    691    303
   831 :    310    703    309
   832 :    238    697    237
   833 :    246    700    245
   834 :    290    694    289
   835 :     66    732     65
   836 :    268    713    267
   837 :    260    720    259
   838 :    288    719    287
   839 :    266    723    265
   840 :    284    716    283
   841 :    262    725    261
   842 :    312    712    311
   843 :    282    724    281
   844 :    244    726    243
   845 :    306    730    305
   846 :    240    728    239
   847 :    332    727    331
   848 :    334    708    333
   849 :    330    711     45
   850 :     43    729    335
   851 :     45    706    341
   852 :    324    707     43
   853 :     54    734     53
   854 :     64    737     63
   855 :    100    745    366
   856 :     38    746    378
   857 :    222    744    372
   858 :    129    749    368
   859 :    187    747    370
   860 :     20    750    376
   861 :     11    748    374
   862 :     61    742     60
   863 :     57    740     56
   864 :     55    735     54
   865 :     63    738     62
   866 :     25    841    637
   867 :    639    840     23
   868 :     60    743     59
   869 :     58    741     57
   870 :    480    691    304
   871 :    289    694    473
   872 :    245    700    479
   873 :    478    697    238
   874 :    474    703    310
   875 :    311    712    474
   876 :    472    727    332
   877 :    479    726    244
   878 :    476    720    260
   879 :    239    728    478
   880 :    475    724    282
   881 :    283    716    475
   882 :    473    719    288
   883 :    477    723    266
   884 :    261    725    476
   885 :    267    713    477
   886 :    333    708    472
   887 :    305    730    480
   888 :    508    775    774
   889 :     33    839    640
   890 :     16    843    641
   891 :      6    842    642
   892 :    303    691    406
   893 :    410    694    290
   894 :    237    697    413
   895 :    426    700    246
   896 :    309    703    424
   897 :    517    850     52
   898 :    423    713    268
   899 :    259    720    412
   900 :    287    719    420
   901 :    415    716    284
   902 :    407    712    312
   903 :    414    725    262
   904 :    281    724    405
   905 :    265    723    419
   906 :    416    730    306
   907 :    421    728    240
   908 :    331    727    422
   909 :    243    726    418
   910 :    411    708    334
   911 :    422    711    330
   912 :    335    729    411
   913 :    341    706    409
   914 :    408    707    324
   915 :    529    763    528
   916 :    523    764    524
   917 :    161    758     29
   918 :    158    759    159
   919 :    442    761    543
   920 :    439    762    541
   921 :     99    745    100
   922 :    190    746     38
   923 :    128    749    129
   924 :    132    750     20
   925 :    186    747    187
   926 :    103    748     11
   927 :    221    744    222
   928 :    481    767    338
   929 :    327    768    482
   930 :      2    760     68
   931 :    417    768    328
   932 :    337    767    425
   933 :    775    785    774
   934 :    550    821    671
   935 :    670    822    551
   936 :    220    765    550
   937 :    551    766    224
   938 :    524    765    219
   939 :    225    766    529
   940 :    219    765    220
   941 :    224    766    225
   942 :    338    767    337
   943 :    328    768    327
   944 :    317    770    355
   945 :    254    769    358
   946 :    530    814    160
   947 :    538    813    102
   948 :    189    812    522
   949 :    185    810    519
   950 :     98    811    531
   951 :    528    818     49
   952 :    537    817    131
   953 :    127    816    527
   954 :    520    815    156
   955 :    339    837    481
   956 :    482    836    326
   957 :    272    771    273
   958 :    233    772    232
   959 :    293    773    294
   960 :    701    702    479
   961 :    695    696    473
   962 :    478    699    698
   963 :    480    693    692
   964 :    474    705    704
   965 :    717    718    475
   966 :    476    722    721
   967 :    714    715    477
   968 :    709    710    472
   969 :    325    836    408
   970 :    409    837    340
   971 :    717    788    525
   972 :    532    790    704
   973 :    535    792    698
   974 :    521    793    692
   975 :    534    791    721
   976 :    540    731     67
   977 :    565    776    464
   978 :    567    777    454
   979 :    351    820    609
   980 :    348    819    610
   981 :    632    850    517
   982 :    490    796     28
   983 :     24    797    491
   984 :    765    821    550
   985 :    551    822    766
   986 :    615    778    554
   987 :    729    764    411
   988 :    422    763    711
   989 :    363    833    780
   990 :    570    825    594
   991 :    781    832    362
   992 :    638    782      1
   993 :    647    776    565
   994 :    648    777    567
   995 :    599    828    566
   996 :    601    827    564
   997 :    603    826    568
   998 :    646    795    425
   999 :    547    780    613
  1000 :    614    781    546
  1001 :    425    767    646
  1002 :    645    768    417
  1003 :     71    785    471
  1004 :    480    692    691
  1005 :    474    704    703
  1006 :    478    698    697
  1007 :    700    701    479
  1008 :    694    695    473
  1009 :    708    709    472
  1010 :    476    721    720
  1011 :    716    717    475
  1012 :    713    714    477
  1013 :    780    833    613
  1014 :    614    832    781
  1015 :    420    797    286
  1016 :    291    796    410
  1017 :    436    825    570
  1018 :    468    824     70
  1019 :     72    823    469
  1020 :    502    849    606
  1021 :    503    848    605
  1022 :    613    833    513
  1023 :    515    832    614
  1024 :    545    800    779
  1025 :     73    851    467
  1026 :    521    810    185
  1027 :    102    813    539
  1028 :    532    812    189
  1029 :    535    811     98
  1030 :    160    814    526
  1031 :    156    815    525
  1032 :    534    816    127
  1033 :     49    818    523
  1034 :    131    817    536
  1035 :    778    829    364
  1036 :    545    779    632
  1037 :    468    798    736
  1038 :    739    799    469
  1039 :    504    801    548
  1040 :    505    802    549
  1041 :    470    785     71
  1042 :    359    838    612
  1043 :    775    784    471
  1044 :    470    783    774
  1045 :    582    830    608
  1046 :    584    831    607
  1047 :    363    780    490
  1048 :    491    781    362
  1049 :    574    838    573
  1050 :    630    802    505
  1051 :    631    801    504
  1052 :    577    778    364
  1053 :    607    861    511
  1054 :    608    860    512
  1055 :    779    800     50
  1056 :    326    836    325
  1057 :    340    837    339
  1058 :    566    858    567
  1059 :    564    857    565
  1060 :    615    829    778
  1061 :    568    859    569
  1062 :     52    850     51
  1063 :    660    793    659
  1064 :    658    791    657
  1065 :    654    789    653
  1066 :    656    790    655
  1067 :    666    795    665
  1068 :    662    792    661
  1069 :    664    794    663
  1070 :    652    787    651
  1071 :    649    788    650
  1072 :    514    829    615
  1073 :    646    767    481
  1074 :    482    768    645
  1075 :    533    795    646
  1076 :    623    825    436
  1077 :    586    835    630
  1078 :    588    834    631
  1079 :    616    833    363
  1080 :    362    832    611
  1081 :    364    829    617
  1082 :     70    824    470
  1083 :    471    823     72
  1084 :    769    802    358
  1085 :    770    801    355
  1086 :    405    787    652
  1087 :    650    788    415
  1088 :    621    857    361
  1089 :    622    858    360
  1090 :    618    859    343
  1091 :    419    789    654
  1092 :    424    790    656
  1093 :    412    791    658
  1094 :    413    792    662
  1095 :    406    793    660
  1096 :    418    794    664
  1097 :    425    795    666
  1098 :    627    862    352
  1099 :    827    857    564
  1100 :    828    858    566
  1101 :    619    860    356
  1102 :    620    861    357
  1103 :    826    859    568
  1104 :    650    840    494
  1105 :    493    841    652
  1106 :    496    839    656
  1107 :    467    786    667
  1108 :    497    842    664
  1109 :    498    843    658
  1110 :    501    844    666
  1111 :    499    845    662
  1112 :    500    846    660
  1113 :    495    847    654
  1114 :    361    857    827
  1115 :    360    858    828
  1116 :    352    862    616
  1117 :    569    859    618
  1118 :    343    859    826
  1119 :    567    858    622
  1120 :    565    857    621
  1121 :    513    862    627
  1122 :    511    861    620
  1123 :    512    860    619
  1124 :    356    860    830
  1125 :    357    861    831
  1126 :    830    860    608
  1127 :    831    861    607
  1128 :    732    733    516
  1129 :    822    853    529
  1130 :    524    852    821
  1131 :    729    852    764
  1132 :    763    853    711
  1133 :    772    856    592
  1134 :    771    855    596
  1135 :    469    851     73
  1136 :      0    800    577
  1137 :    677    807    751
  1138 :    675    806    752
  1139 :    676    803    755
  1140 :    680    804    754
  1141 :    678    805    753
  1142 :    681    808    757
  1143 :    679    809    756
  1144 :    409    822    670
  1145 :    671    821    408
  1146 :    833    862    513
  1147 :    616    862    833
  1148 :    522    812    705
  1149 :    519    810    693
  1150 :    696    814    530
  1151 :    702    813    538
  1152 :    531    811    699
  1153 :    710    818    528
  1154 :    718    815    520
  1155 :    715    817    537
  1156 :    527    816    722
  1157 :    481    837    670
  1158 :    671    836    482
  1159 :    408    836    671
  1160 :    670    837    409
  1161 :     45    711    706
  1162 :    707    729     43
  1163 :    509    736    735
  1164 :    738    739    510
  1165 :    731    732     66
  1166 :     54    735    734
  1167 :    737    738     63
  1168 :    742    743     60
  1169 :     57    741    740
  1170 :    675    752    414
  1171 :    677    751    407
  1172 :    678    753    423
  1173 :    680    754    421
  1174 :    676    755    416
  1175 :    681    757    417
  1176 :    679    756    426
  1177 :    799    851    469
  1178 :    539    813    701
  1179 :    698    811    535
  1180 :    526    814    695
  1181 :    704    812    532
  1182 :    692    810    521
  1183 :    536    817    714
  1184 :    525    815    717
  1185 :    721    816    534
  1186 :    523    818    709
  1187 :    699    811    698
  1188 :    701    813    702
  1189 :    695    814    696
  1190 :    705    812    704
  1191 :    693    810    692
  1192 :    722    816    721
  1193 :    717    815    718
  1194 :    714    817    715
  1195 :    709    818    710
  1196 :    665    795    533
  1197 :    655    790    532
  1198 :    661    792    535
  1199 :    653    789    537
  1200 :    657    791    534
  1201 :    659    793    521
  1202 :    663    794    538
  1203 :    651    787    520
  1204 :    525    788    649
  1205 :    672    798    468
  1206 :    467    851    733
  1207 :    743    775    508
  1208 :    508    774    741
  1209 :    469    823    739
  1210 :    736    824    468
  1211 :    784    823    471
  1212 :    470    824    783
  1213 :    471    785    775
  1214 :    740    783    509
  1215 :    510    784    742
  1216 :    540    786    731
  1217 :    682    797    420
  1218 :    410    796    683
  1219 :    345    849    673
  1220 :    346    848    674
  1221 :    683    796    490
  1222 :    491    797    682
  1223 :    774    785    470
  1224 :    734    798    517
  1225 :    516    799    737
  1226 :    530    854    696
  1227 :    707    852    729
  1228 :    711    853    706
  1229 :    343    826    684
  1230 :    361    827    686
  1231 :    360    828    685
  1232 :    819    855    610
  1233 :    820    856    609
  1234 :    357    831    688
  1235 :    356    830    687
  1236 :    355    834    690
  1237 :    358    835    689
  1238 :    542    855    819
  1239 :    544    856    820
  1240 :    755    803    557
  1241 :    754    804    556
  1242 :    753    805    560
  1243 :    752    806    561
  1244 :    751    807    558
  1245 :    757    808    555
  1246 :    756    809    559
  1247 :    524    821    765
  1248 :    766    822    529
  1249 :    548    801    770
  1250 :    549    802    769
  1251 :    779    850    632
  1252 :     51    850    779
  1253 :    420    854    682
  1254 :    529    853    763
  1255 :    764    852    524
Number of domains 49
  Domain :      0 
  Name : Entity 0 
  Number of elements :     19
     0     1     2     3     4     5     6     7     8     9
    10    11    12    13    14    15    16    17    18
  Domain :      1 
  Name : Entity 1 
  Number of elements :      8
    19    20    21    22    23    24    25    26
  Domain :      2 
  Name : Entity 2 
  Number of elements :      6
    27    28    29    30    31    32
  Domain :      3 
  Name : Entity 3 
  Number of elements :      6
    33    34    35    36    37    38
  Domain :      4 
  Name : Entity 4 
  Number of elements :      7
    39    40    41    42    43    44    45
  Domain :      5 
  Name : Entity 5 
  Number of elements :      7
    46    47    48    49    50    51    52
  Domain :      6 
  Name : Entity 6 
  Number of elements :      8
    53    54    55    56    57    58    59    60
  Domain :      7 
  Name : Entity 7 
  Number of elements :      6
    61    62    63    64    65    66
  Domain :      8 
  Name : Entity 8 
  Number of elements :      6
    67    68    69    70    71    72
  Domain :      9 
  Name : Entity 9 
  Number of elements :      7
    73    74    75    76    77    78    79
  Domain :     10 
  Name : Entity 10 
  Number of elements :      7
    80    81    82    83    84    85    86
  Domain :     11 
  Name : Entity 11 
  Number of elements :      8
    87    88    89    90    91    92    93    94
  Domain :     12 
  Name : Entity 12 
  Number of elements :      6
    95    96    97    98    99   100
  Domain :     13 
  Name : Entity 13 
  Number of elements :      6
   101   102   103   104   105   106
  Domain :     14 
  Name : Entity 14 
  Number of elements :      7
   107   108   109   110   111   112   113
  Domain :     15 
  Name : Entity 15 
  Number of elements :      7
   114   115   116   117   118   119   120
  Domain :     16 
  Name : Entity 16 
  Number of elements :      8
   121   122   123   124   125   126   127   128
  Domain :     17 
  Name : Entity 17 
  Number of elements :      6
   129   130   131   132   133   134
  Domain :     18 
  Name : Entity 18 
  Number of elements :      6
   135   136   137   138   139   140
  Domain :     19 
  Name : Entity 19 
  Number of elements :      7
   141   142   143   144   145   146   147
  Domain :     20 
  Name : Entity 20 
  Number of elements :      7
   148   149   150   151   152   153   154
  Domain :     21 
  Name : Entity 21 
  Number of elements :      8
   155   156   157   158   159   160   161   162
  Domain :     22 
  Name : Entity 22 
  Number of elements :      6
   163   164   165   166   167   168
  Domain :     23 
  Name : Entity 23 
  Number of elements :      6
   169   170   171   172   173   174
  Domain :     24 
  Name : Entity 24 
  Number of elements :      7
   175   176   177   178   179   180   181
  Domain :     25 
  Name : Entity 25 
  Number of elements :      7
   182   183   184   185   186   187   188
  Domain :     26 
  Name : Entity 26 
  Number of elements :      7
   189   190   191   192   193   194   195
  Domain :     27 
  Name : Entity 27 
  Number of elements :      8
   196   197   198   199   200   201   202   203
  Domain :     28 
  Name : Entity 28 
  Number of elements :      6
   204   205   206   207   208   209
  Domain :     29 
  Name : Entity 29 
  Number of elements :      6
   210   211   212   213   214   215
  Domain :     30 
  Name : Entity 30 
  Number of elements :      7
   216   217   218   219   220   221   222
  Domain :     31 
  Name : Entity 31 
  Number of elements :      7
   223   224   225   226   227   228   229
  Domain :     32 
  Name : Entity 32 
  Number of elements :      6
   230   231   232   233   234   235
  Domain :     33 
  Name : Entity 33 
  Number of elements :      6
   236   237   238   239   240   241
  Domain :     34 
  Name : Entity 34 
  Number of elements :      7
   242   243   244   245   246   247   248
  Domain :     35 
  Name : Entity 35 
  Number of elements :      7
   249   250   251   252   253   254   255
  Domain :     36 
  Name : Entity 36 
  Number of elements :      6
   256   257   258   259   260   261
  Domain :     37 
  Name : Entity 37 
  Number of elements :      6
   262   263   264   265   266   267
  Domain :     38 
  Name : Entity 38 
  Number of elements :      7
   268   269   270   271   272   273   274
  Domain :     39 
  Name : Entity 39 
  Number of elements :      7
   275   276   277   278   279   280   281
  Domain :     40 
  Name : Entity 40 
  Number of elements :      6
   282   283   284   285   286   287
  Domain :     41 
  Name : Entity 41 
  Number of elements :      6
   288   289   290   291   292   293
  Domain :     42 
  Name : Entity 42 
  Number of elements :      7
   294   295   296   297   298   299   300
  Domain :     43 
  Name : Entity 43 
  Number of elements :      7
   301   302   303   304   305   306   307
  Domain :     44 
  Name : Entity 44 
  Number of elements :      6
   308   309   310   311   312   313
  Domain :     45 
  Name : Entity 45 
  Number of elements :      6
   314   315   316   317   318   319
  Domain :     46 
  Name : Entity 46 
  Number of elements :      7
   320   321   322   323   324   325   326
  Domain :     47 
  Name : Entity 47 
  Number of elements :      7
   327   328   329   330   331   332   333
  Domain :     48 
  Name : Entity 48 
  Number of elements :      7
   334   335   336   337   338   339   340
