Number of nodes 725 
     0 :  7.0710678e-01  7.0710678e-01 
     1 :  7.0710678e-01 -7.0710678e-01 
     2 :  3.0000000e-01  0.0000000e+00 
     3 :  1.9928932e+00  7.0710678e-01 
     4 :  1.9928932e+00 -7.0710678e-01 
     5 :  3.4071068e+00  7.0710678e-01 
     6 :  3.4071068e+00 -7.0710678e-01 
     7 :  3.0000000e+00  0.0000000e+00 
     8 :  4.6928932e+00  7.0710678e-01 
     9 :  4.6928932e+00 -7.0710678e-01 
    10 :  6.1071068e+00  7.0710678e-01 
    11 :  6.1071068e+00 -7.0710678e-01 
    12 :  5.7000000e+00  0.0000000e+00 
    13 :  7.3928932e+00  7.0710678e-01 
    14 :  7.3928932e+00 -7.0710678e-01 
    15 :  8.8071068e+00  7.0710678e-01 
    16 :  8.8071068e+00 -7.0710678e-01 
    17 :  8.4000000e+00  0.0000000e+00 
    18 :  1.0092893e+01  7.0710678e-01 
    19 :  1.0092893e+01 -7.0710678e-01 
    20 :  1.1507107e+01  7.0710678e-01 
    21 :  1.1507107e+01 -7.0710678e-01 
    22 :  1.1100000e+01  0.0000000e+00 
    23 :  1.2792893e+01  7.0710678e-01 
    24 :  1.2792893e+01 -7.0710678e-01 
    25 :  1.4207107e+01  7.0710678e-01 
    26 :  1.4207107e+01 -7.0710678e-01 
    27 :  1.3800000e+01  0.0000000e+00 
    28 :  5.1188505e-01  8.5905395e-01 
    29 :  2.8533622e-01  9.5842748e-01 
    30 :  4.1324974e-02  9.9914576e-01 
    31 : -2.0521534e-01  9.7871685e-01 
    32 : -4.3919659e-01  8.9839098e-01 
    33 : -6.4629924e-01  7.6308407e-01 
    34 : -8.1384872e-01  5.8107682e-01 
    35 : -9.3159109e-01  3.6350797e-01 
    36 : -9.9232058e-01  1.2369263e-01 
    37 : -9.9232058e-01 -1.2369263e-01 
    38 : -9.3159109e-01 -3.6350797e-01 
    39 : -8.1384872e-01 -5.8107682e-01 
    40 : -6.4629924e-01 -7.6308407e-01 
    41 : -4.3919659e-01 -8.9839098e-01 
    42 : -2.0521534e-01 -9.7871685e-01 
    43 :  4.1324974e-02 -9.9914576e-01 
    44 :  2.8533622e-01 -9.5842748e-01 
    45 :  5.1188505e-01 -8.5905395e-01 
    46 :  2.1213203e-01  2.1213203e-01 
    47 :  9.5095704e-16  3.0000000e-01 
    48 : -2.1213203e-01  2.1213203e-01 
    49 : -3.0000000e-01  1.9019141e-15 
    50 : -2.1213203e-01 -2.1213203e-01 
    51 : -8.5446968e-16 -3.0000000e-01 
    52 :  2.1213203e-01 -2.1213203e-01 
    53 :  2.9121320e+00  2.1213203e-01 
    54 :  2.7000000e+00  3.0000000e-01 
    55 :  2.4878680e+00  2.1213203e-01 
    56 :  2.4000000e+00  1.9019141e-15 
    57 :  2.4878680e+00 -2.1213203e-01 
    58 :  2.7000000e+00 -3.0000000e-01 
    59 :  2.9121320e+00 -2.1213203e-01 
    60 :  5.6121320e+00  2.1213203e-01 
    61 :  5.4000000e+00  3.0000000e-01 
    62 :  5.1878680e+00  2.1213203e-01 
    63 :  5.1000000e+00  1.9019141e-15 
    64 :  5.1878680e+00 -2.1213203e-01 
    65 :  5.4000000e+00 -3.0000000e-01 
    66 :  5.6121320e+00 -2.1213203e-01 
    67 :  8.3121320e+00  2.1213203e-01 
    68 :  8.1000000e+00  3.0000000e-01 
    69 :  7.8878680e+00  2.1213203e-01 
    70 :  7.8000000e+00  1.9019141e-15 
    71 :  7.8878680e+00 -2.1213203e-01 
    72 :  8.1000000e+00 -3.0000000e-01 
    73 :  8.3121320e+00 -2.1213203e-01 
    74 :  1.1012132e+01  2.1213203e-01 
    75 :  1.0800000e+01  3.0000000e-01 
    76 :  1.0587868e+01  2.1213203e-01 
    77 :  1.0500000e+01  1.9019141e-15 
    78 :  1.0587868e+01 -2.1213203e-01 
    79 :  1.0800000e+01 -3.0000000e-01 
    80 :  1.1012132e+01 -2.1213203e-01 
    81 :  1.3712132e+01  2.1213203e-01 
    82 :  1.3500000e+01  3.0000000e-01 
    83 :  1.3287868e+01  2.1213203e-01 
    84 :  1.3200000e+01  1.9019141e-15 
    85 :  1.3287868e+01 -2.1213203e-01 
    86 :  1.3500000e+01 -3.0000000e-01 
    87 :  1.3712132e+01 -2.1213203e-01 
    88 :  9.2140452e-01  7.0710678e-01 
    89 :  1.1357023e+00  7.0710678e-01 
    90 :  1.3500000e+00  7.0710678e-01 
    91 :  1.5642977e+00  7.0710678e-01 
    92 :  1.7785955e+00  7.0710678e-01 
    93 :  9.2140452e-01 -7.0710678e-01 
    94 :  1.1357023e+00 -7.0710678e-01 
    95 :  1.3500000e+00 -7.0710678e-01 
    96 :  1.5642977e+00 -7.0710678e-01 
    97 :  1.7785955e+00 -7.0710678e-01 
    98 :  3.2320321e+00  8.4672420e-01 
    99 :  3.0302791e+00  9.4388333e-01 
   100 :  2.8119645e+00  9.9371221e-01 
   101 :  2.5880355e+00  9.9371221e-01 
   102 :  2.3697209e+00  9.4388333e-01 
   103 :  2.1679679e+00  8.4672420e-01 
   104 :  2.1679679e+00 -8.4672420e-01 
   105 :  2.3697209e+00 -9.4388333e-01 
   106 :  2.5880355e+00 -9.9371221e-01 
   107 :  2.8119645e+00 -9.9371221e-01 
   108 :  3.0302791e+00 -9.4388333e-01 
   109 :  3.2320321e+00 -8.4672420e-01 
   110 :  3.6214045e+00  7.0710678e-01 
   111 :  3.8357023e+00  7.0710678e-01 
   112 :  4.0500000e+00  7.0710678e-01 
   113 :  4.2642977e+00  7.0710678e-01 
   114 :  4.4785955e+00  7.0710678e-01 
   115 :  3.6214045e+00 -7.0710678e-01 
   116 :  3.8357023e+00 -7.0710678e-01 
   117 :  4.0500000e+00 -7.0710678e-01 
   118 :  4.2642977e+00 -7.0710678e-01 
   119 :  4.4785955e+00 -7.0710678e-01 
   120 :  5.9320321e+00  8.4672420e-01 
   121 :  5.7302791e+00  9.4388333e-01 
   122 :  5.5119645e+00  9.9371221e-01 
   123 :  5.2880355e+00  9.9371221e-01 
   124 :  5.0697209e+00  9.4388333e-01 
   125 :  4.8679679e+00  8.4672420e-01 
   126 :  4.8679679e+00 -8.4672420e-01 
   127 :  5.0697209e+00 -9.4388333e-01 
   128 :  5.2880355e+00 -9.9371221e-01 
   129 :  5.5119645e+00 -9.9371221e-01 
   130 :  5.7302791e+00 -9.4388333e-01 
   131 :  5.9320321e+00 -8.4672420e-01 
   132 :  6.3214045e+00  7.0710678e-01 
   133 :  6.5357023e+00  7.0710678e-01 
   134 :  6.7500000e+00  7.0710678e-01 
   135 :  6.9642977e+00  7.0710678e-01 
   136 :  7.1785955e+00  7.0710678e-01 
   137 :  6.3214045e+00 -7.0710678e-01 
   138 :  6.5357023e+00 -7.0710678e-01 
   139 :  6.7500000e+00 -7.0710678e-01 
   140 :  6.9642977e+00 -7.0710678e-01 
   141 :  7.1785955e+00 -7.0710678e-01 
   142 :  8.6320321e+00  8.4672420e-01 
   143 :  8.4302791e+00  9.4388333e-01 
   144 :  8.2119645e+00  9.9371221e-01 
   145 :  7.9880355e+00  9.9371221e-01 
   146 :  7.7697209e+00  9.4388333e-01 
   147 :  7.5679679e+00  8.4672420e-01 
   148 :  7.5679679e+00 -8.4672420e-01 
   149 :  7.7697209e+00 -9.4388333e-01 
   150 :  7.9880355e+00 -9.9371221e-01 
   151 :  8.2119645e+00 -9.9371221e-01 
   152 :  8.4302791e+00 -9.4388333e-01 
   153 :  8.6320321e+00 -8.4672420e-01 
   154 :  9.0214045e+00  7.0710678e-01 
   155 :  9.2357023e+00  7.0710678e-01 
   156 :  9.4500000e+00  7.0710678e-01 
   157 :  9.6642977e+00  7.0710678e-01 
   158 :  9.8785955e+00  7.0710678e-01 
   159 :  9.0214045e+00 -7.0710678e-01 
   160 :  9.2357023e+00 -7.0710678e-01 
   161 :  9.4500000e+00 -7.0710678e-01 
   162 :  9.6642977e+00 -7.0710678e-01 
   163 :  9.8785955e+00 -7.0710678e-01 
   164 :  1.1332032e+01  8.4672420e-01 
   165 :  1.1130279e+01  9.4388333e-01 
   166 :  1.0911964e+01  9.9371221e-01 
   167 :  1.0688036e+01  9.9371221e-01 
   168 :  1.0469721e+01  9.4388333e-01 
   169 :  1.0267968e+01  8.4672420e-01 
   170 :  1.0267968e+01 -8.4672420e-01 
   171 :  1.0469721e+01 -9.4388333e-01 
   172 :  1.0688036e+01 -9.9371221e-01 
   173 :  1.0911964e+01 -9.9371221e-01 
   174 :  1.1130279e+01 -9.4388333e-01 
   175 :  1.1332032e+01 -8.4672420e-01 
   176 :  1.1721405e+01  7.0710678e-01 
   177 :  1.1935702e+01  7.0710678e-01 
   178 :  1.2150000e+01  7.0710678e-01 
   179 :  1.2364298e+01  7.0710678e-01 
   180 :  1.2578595e+01  7.0710678e-01 
   181 :  1.1721405e+01 -7.0710678e-01 
   182 :  1.1935702e+01 -7.0710678e-01 
   183 :  1.2150000e+01 -7.0710678e-01 
   184 :  1.2364298e+01 -7.0710678e-01 
   185 :  1.2578595e+01 -7.0710678e-01 
   186 :  1.4032032e+01  8.4672420e-01 
   187 :  1.3830279e+01  9.4388333e-01 
   188 :  1.3611964e+01  9.9371221e-01 
   189 :  1.3388036e+01  9.9371221e-01 
   190 :  1.3169721e+01  9.4388333e-01 
   191 :  1.2967968e+01  8.4672420e-01 
   192 :  1.4346724e+01 -5.3203208e-01 
   193 :  1.4443883e+01 -3.3027906e-01 
   194 :  1.4493712e+01 -1.1196448e-01 
   195 :  1.4493712e+01  1.1196448e-01 
   196 :  1.4443883e+01  3.3027906e-01 
   197 :  1.4346724e+01  5.3203208e-01 
   198 :  1.2967968e+01 -8.4672420e-01 
   199 :  1.3169721e+01 -9.4388333e-01 
   200 :  1.3388036e+01 -9.9371221e-01 
   201 :  1.3611964e+01 -9.9371221e-01 
   202 :  1.3830279e+01 -9.4388333e-01 
   203 :  1.4032032e+01 -8.4672420e-01 
   204 :  1.2445352e+01 -5.2528860e-01 
   205 :  9.7671339e+00  5.3993612e-01 
   206 :  9.1219565e+00  5.0873959e-01 
   207 :  1.1805437e+01  4.9913213e-01 
   208 :  4.3945635e+00 -4.9913213e-01 
   209 :  7.0780435e+00  5.0873959e-01 
   210 :  6.4162693e+00  5.0300311e-01 
   211 :  1.2428511e+00  5.2151949e-01 
   212 :  3.7546483e+00  5.2528860e-01 
   213 :  1.6837307e+00 -5.0300311e-01 
   214 :  9.3428511e+00 -5.2151949e-01 
   215 :  6.8571489e+00 -5.2151949e-01 
   216 :  1.0219565e+00 -5.0873959e-01 
   217 :  1.2463040e+01  5.0847123e-01 
   218 :  1.1832890e+01 -5.4007133e-01 
   219 :  4.3671097e+00  5.4007133e-01 
   220 :  3.7369603e+00 -5.0847123e-01 
   221 :  9.7810795e+00 -5.0907052e-01 
   222 :  6.4328837e+00 -5.3998344e-01 
   223 :  1.6671163e+00  5.3998344e-01 
   224 :  7.2857443e+00 -5.2151949e-01 
   225 :  8.9142557e+00 -5.2151949e-01 
   226 :  8.1425565e-01  5.2151949e-01 
   227 :  2.2573776e+00 -1.7786303e-01 
   228 :  2.1731066e+00  2.0808619e-02 
   229 :  4.9573776e+00 -1.7786303e-01 
   230 :  4.8731066e+00  2.0808619e-02 
   231 :  1.0357378e+01 -1.7786303e-01 
   232 :  1.0273107e+01  2.0808619e-02 
   233 :  1.3057378e+01 -1.7786303e-01 
   234 :  1.2973107e+01  2.0808619e-02 
   235 :  3.1426224e+00  1.7786303e-01 
   236 :  3.2268934e+00 -2.0808619e-02 
   237 :  5.8426224e+00  1.7786303e-01 
   238 :  5.9268934e+00 -2.0808619e-02 
   239 :  1.1242622e+01  1.7786303e-01 
   240 :  1.1326893e+01 -2.0808619e-02 
   241 :  7.6574128e+00  1.7782170e-01 
   242 :  8.5425872e+00  1.7782170e-01 
   243 :  4.4258718e-01 -1.7782170e-01 
   244 :  7.5731856e+00 -2.0745646e-02 
   245 :  8.6268144e+00 -2.0745646e-02 
   246 :  5.2684256e-01  2.0793881e-02 
   247 :  8.7629457e+00  1.5035015e-01 
   248 :  7.4370543e+00  1.5035015e-01 
   249 :  6.6294566e-01 -1.5035015e-01 
   250 :  4.7368721e+00 -1.5042476e-01 
   251 :  4.6526269e+00  5.4664146e-02 
   252 :  1.0136872e+01 -1.5042476e-01 
   253 :  1.0052824e+01  5.4514352e-02 
   254 :  1.1463128e+01  1.5042476e-01 
   255 :  1.1547373e+01 -5.4664146e-02 
   256 :  6.0631279e+00  1.5042476e-01 
   257 :  6.1471853e+00 -5.4521350e-02 
   258 :  3.3631279e+00  1.5042476e-01 
   259 :  3.4473517e+00 -5.4647831e-02 
   260 :  2.0368721e+00 -1.5042476e-01 
   261 :  1.9528147e+00  5.4521350e-02 
   262 :  1.2836872e+01 -1.5042476e-01 
   263 :  1.2752648e+01  5.4647831e-02 
   264 :  7.3530436e+00 -5.4332557e-02 
   265 :  7.4747711e-01  5.3794470e-02 
   266 :  8.8469564e+00 -5.4332600e-02 
   267 :  8.4251436e+00  7.2267959e-01 
   268 :  1.1129501e+01  7.2493534e-01 
   269 :  1.1142607e+01 -7.3273284e-01 
   270 :  1.3852929e+01  7.1592274e-01 
   271 :  1.3852929e+01 -7.1592274e-01 
   272 :  8.4488140e+00 -7.4306533e-01 
   273 :  1.4227300e+01  3.4406077e-01 
   274 :  5.7295015e+00  7.2493534e-01 
   275 :  3.0295015e+00  7.2493534e-01 
   276 :  5.0573927e+00  7.3273284e-01 
   277 :  7.7704604e+00  7.2490391e-01 
   278 :  1.0457393e+01  7.3273284e-01 
   279 :  1.3149647e+01  7.4308474e-01 
   280 :  2.3748944e+00 -7.2271101e-01 
   281 :  5.0748944e+00 -7.2271101e-01 
   282 :  7.7280137e+00 -7.3568920e-01 
   283 :  2.3573927e+00  7.3273284e-01 
   284 :  1.4224801e+01 -3.4376005e-01 
   285 :  5.7452408e+00 -7.3981809e-01 
   286 :  1.0470499e+01 -7.2493534e-01 
   287 :  1.3159313e+01 -7.2446903e-01 
   288 :  3.0452408e+00 -7.3981809e-01 
   289 :  1.2910724e+01  2.4848328e-01 
   290 :  3.2892761e+00 -2.4848328e-01 
   291 :  5.9891152e+00 -2.4829534e-01 
   292 :  2.1108848e+00  2.4829534e-01 
   293 :  1.1389285e+01 -2.4846216e-01 
   294 :  1.0210890e+01  2.4829042e-01 
   295 :  4.8107150e+00  2.4846216e-01 
   296 :  8.9809885e+00  1.1982874e-01 
   297 :  9.0643787e+00 -8.2917942e-02 
   298 :  9.1976479e+00  8.9696520e-02 
   299 :  7.2190115e+00  1.1982875e-01 
   300 :  7.1356223e+00 -8.2925325e-02 
   301 :  7.0037448e+00  8.2490278e-02 
   302 :  8.8107527e-01 -1.1991843e-01 
   303 :  9.6499501e-01  8.2274572e-02 
   304 :  1.0963725e+00 -8.2613683e-02 
   305 :  9.9186810e+00 -1.1984781e-01 
   306 :  9.8352123e+00  8.3037677e-02 
   307 :  9.7022685e+00 -8.9688568e-02 
   308 :  4.5176663e+00 -1.1958790e-01 
   309 :  4.4347185e+00  8.3461009e-02 
   310 :  4.3021821e+00 -8.9909981e-02 
   311 :  4.2194054e+00  1.1099766e-01 
   312 :  4.0874834e+00 -6.0876665e-02 
   313 :  6.2813442e+00  1.1994097e-01 
   314 :  6.3648896e+00 -8.3098565e-02 
   315 :  6.5154907e+00  9.0095192e-02 
   316 :  6.5813504e+00 -1.1099108e-01 
   317 :  1.1682334e+01  1.1958790e-01 
   318 :  1.1765281e+01 -8.3461009e-02 
   319 :  1.1897818e+01  8.9909981e-02 
   320 :  1.1980595e+01 -1.1099766e-01 
   321 :  1.2112517e+01  6.0876665e-02 
   322 :  3.5823337e+00  1.1958790e-01 
   323 :  1.8186558e+00 -1.1994097e-01 
   324 :  1.7351104e+00  8.3098565e-02 
   325 :  1.5845093e+00 -9.0095192e-02 
   326 :  1.5186496e+00  1.1099108e-01 
   327 :  1.2617666e+01 -1.1958790e-01 
   328 :  1.8699778e-01  4.4156698e-01 
   329 :  1.5919227e-01 -4.2548978e-01 
   330 : -1.8341922e-01  4.1860979e-01 
   331 : -1.8570630e-01 -4.0838638e-01 
   332 : -4.2490660e-01  1.7216838e-01 
   333 : -4.2490660e-01 -1.7146005e-01 
   334 :  1.4299784e+01 -2.3823922e-16 
   335 :  8.1000000e+00 -7.9978405e-01 
   336 :  1.0800000e+01 -7.9978405e-01 
   337 :  8.1000000e+00  7.9978405e-01 
   338 :  5.4000000e+00  7.9978405e-01 
   339 :  5.4000000e+00 -7.9978405e-01 
   340 :  2.7000000e+00  7.9978405e-01 
   341 :  2.7000000e+00 -7.9978405e-01 
   342 :  1.0800000e+01  7.9978405e-01 
   343 :  1.3500000e+01 -7.9978405e-01 
   344 :  1.3500000e+01  7.9978405e-01 
   345 :  9.6193831e+00  1.1074729e-01 
   346 :  9.2804185e+00 -1.1071001e-01 
   347 :  4.0048343e+00  1.3867478e-01 
   348 :  1.2195166e+01 -1.3867478e-01 
   349 :  3.6657932e+00 -8.3370233e-02 
   350 :  1.2534207e+01  8.3370233e-02 
   351 :  3.9507329e-01  3.5869004e-01 
   352 :  8.6949608e+00 -4.8741616e-01 
   353 :  7.5050392e+00 -4.8741616e-01 
   354 :  5.6682943e-01 -3.6363712e-01 
   355 :  8.6705872e+00  3.4911209e-01 
   356 :  7.5294128e+00  3.4911209e-01 
   357 :  4.8291159e+00 -3.4880619e-01 
   358 :  1.0229370e+01 -3.4924197e-01 
   359 :  2.1293716e+00 -3.4924150e-01 
   360 :  5.9706284e+00  3.4924150e-01 
   361 :  3.2708792e+00  3.4877910e-01 
   362 :  1.1370884e+01  3.4880619e-01 
   363 :  1.2929121e+01 -3.4877910e-01 
   364 :  1.2028609e+01  2.5014886e-01 
   365 :  4.1713914e+00 -2.5014886e-01 
   366 :  1.2244024e+01  2.3181251e-01 
   367 :  3.9559762e+00 -2.3181251e-01 
   368 :  1.1687598e+00  1.1752734e-01 
   369 :  6.9313626e+00 -1.1765637e-01 
   370 : -8.0716611e-01  1.0575623e-16 
   371 : -5.9353127e-01  5.4677204e-01 
   372 : -5.9353127e-01 -5.4677204e-01 
   373 :  4.1312426e+00  3.1926459e-01 
   374 :  1.2068757e+01 -3.1926459e-01 
   375 :  9.1493900e+00 -2.7495578e-01 
   376 :  1.0490735e+00  2.8315708e-01 
   377 :  7.0509265e+00 -2.8315708e-01 
   378 : -6.6039322e-02 -8.0373436e-01 
   379 : -4.5070582e-02  7.7744772e-01 
   380 :  1.3316233e+01  4.2919075e-01 
   381 :  1.0622495e+01  4.1563048e-01 
   382 :  8.2639483e+00  4.2127890e-01 
   383 :  1.0974933e+01  4.2816020e-01 
   384 :  1.0977505e+01 -4.1563048e-01 
   385 :  1.3917055e+01  1.7928283e-01 
   386 :  1.3845889e+01  3.7082712e-01 
   387 :  7.9250567e+00  4.2815309e-01 
   388 :  8.2900713e+00 -4.1841837e-01 
   389 :  5.2224955e+00  4.1563048e-01 
   390 :  1.3914831e+01 -1.7117525e-01 
   391 :  1.3845625e+01 -3.6986193e-01 
   392 :  7.9079042e+00 -4.4060167e-01 
   393 :  2.5224955e+00  4.1563048e-01 
   394 :  1.0625067e+01 -4.2816020e-01 
   395 :  1.3329804e+01 -4.3484912e-01 
   396 :  5.5749330e+00  4.2816020e-01 
   397 :  2.8749330e+00  4.2816020e-01 
   398 :  5.5856121e+00 -4.1785480e-01 
   399 :  5.2360662e+00 -4.2128885e-01 
   400 :  2.5360662e+00 -4.2128885e-01 
   401 :  2.8856121e+00 -4.1785480e-01 
   402 :  4.9118932e-01 -5.9552596e-01 
   403 :  6.7600098e+00  3.7933664e-02 
   404 :  6.6426885e+00  2.3652763e-01 
   405 :  1.3400244e+00 -3.7969726e-02 
   406 :  1.4573172e+00 -2.3653364e-01 
   407 :  3.6488428e-01  5.8090044e-01 
   408 :  7.5007657e+00 -2.4561244e-01 
   409 :  8.6992344e+00 -2.4561248e-01 
   410 :  1.2156880e+01  4.3229858e-01 
   411 :  4.0431201e+00 -4.3229858e-01 
   412 :  1.3529555e+01  5.2710451e-01 
   413 :  1.3529555e+01 -5.2710451e-01 
   414 :  1.2313769e+01 -3.3662873e-01 
   415 :  3.8862310e+00  3.3662873e-01 
   416 :  6.0095969e-01  2.5046264e-01 
   417 :  1.3114585e+01  3.4384625e-01 
   418 :  2.3127834e+00  3.4495585e-01 
   419 :  1.0412784e+01  3.4495544e-01 
   420 :  1.1187228e+01 -3.4496989e-01 
   421 :  3.0856346e+00 -3.4249673e-01 
   422 :  5.7856214e+00 -3.4247470e-01 
   423 :  5.0127715e+00  3.4496989e-01 
   424 :  7.6996188e+00 -3.4838277e-01 
   425 :  8.5000438e+00 -3.4468556e-01 
   426 :  1.6499346e+00  2.7227765e-01 
   427 :  1.4337150e+00  3.2138870e-01 
   428 :  6.4500654e+00 -2.7227765e-01 
   429 :  6.6662850e+00 -3.2138870e-01 
   430 :  9.7500428e+00  2.7213119e-01 
   431 :  9.5111886e+00  2.9802547e-01 
   432 :  9.1193561e+00  2.8766084e-01 
   433 :  1.0381080e+00 -2.7497485e-01 
   434 :  7.0619260e+00  2.7493934e-01 
   435 :  9.7839750e+00 -2.9079277e-01 
   436 :  9.5698101e+00 -2.6092300e-01 
   437 :  6.4253167e+00  2.8389552e-01 
   438 :  1.6746838e+00 -2.8389603e-01 
   439 :  5.8925312e-01  4.9752677e-01 
   440 :  1.2737788e+01 -3.3121553e-01 
   441 :  3.4622120e+00  3.3121553e-01 
   442 :  1.1599955e+01  3.4212525e-01 
   443 :  4.6000446e+00 -3.4212525e-01 
   444 :  1.1628983e+01 -2.5039014e-01 
   445 :  1.1505306e+01 -4.5643143e-01 
   446 :  4.5710174e+00  2.5039014e-01 
   447 :  4.6946937e+00  4.5643143e-01 
   448 :  3.5287823e+00 -2.5016646e-01 
   449 :  3.4052809e+00 -4.5646022e-01 
   450 :  1.2671218e+01  2.5016646e-01 
   451 :  1.2794719e+01  4.5646022e-01 
   452 :  1.0001200e+01 -3.3258473e-01 
   453 :  8.0024812e-01 -3.4002603e-01 
   454 :  1.1779896e+00 -3.9333487e-01 
   455 :  8.8988542e+00  3.3223081e-01 
   456 :  9.3079724e+00  3.9568834e-01 
   457 :  7.3004497e+00  3.3175774e-01 
   458 :  6.9220172e+00  3.9332777e-01 
   459 :  1.8995841e+00 -3.3787915e-01 
   460 :  6.2004159e+00  3.3787911e-01 
   461 :  6.2291271e+00 -2.4809855e-01 
   462 :  6.1053032e+00 -4.5604041e-01 
   463 :  1.8708729e+00  2.4809855e-01 
   464 :  1.9946968e+00  4.5604041e-01 
   465 :  9.9709104e+00  2.4805773e-01 
   466 :  1.0094701e+01  4.5603175e-01 
   467 :  4.3795695e+00 -2.8743909e-01 
   468 :  1.1820431e+01  2.8743909e-01 
   469 :  4.3504758e+00  2.7291434e-01 
   470 :  1.1849524e+01 -2.7291434e-01 
   471 :  1.4587467e+00 -5.4463241e-01 
   472 :  6.6412533e+00  5.4463241e-01 
   473 :  7.0619441e+00 -5.0752691e-01 
   474 :  9.5499504e+00 -4.9698615e-01 
   475 :  8.9314597e+00 -2.5366920e-01 
   476 :  7.2685556e+00 -2.5402605e-01 
   477 :  8.3427777e-01  2.5560082e-01 
   478 :  9.1285534e+00 -5.2151949e-01 
   479 :  1.0380045e+00  5.0752249e-01 
   480 :  9.5296050e+00  5.1809734e-01 
   481 :  1.2038215e+01 -5.2788761e-01 
   482 :  4.1617847e+00  5.2788761e-01 
   483 :  1.4619311e+00  5.2711733e-01 
   484 :  6.6380689e+00 -5.2711733e-01 
   485 :  9.3952196e+00  9.3785166e-02 
   486 :  9.4888682e+00 -6.9109077e-02 
   487 :  3.7918285e+00  1.6695941e-01 
   488 :  1.2408172e+01 -1.6695941e-01 
   489 :  9.3613113e+00 -3.0856518e-01 
   490 :  3.8743947e+00 -3.2139450e-02 
   491 :  1.2325605e+01  3.2139450e-02 
   492 :  3.7467427e+00 -2.8297962e-01 
   493 :  1.2453257e+01  2.8297962e-01 
   494 :  1.5304263e-01  6.6715770e-01 
   495 :  3.5480078e+00  5.1822019e-01 
   496 :  1.2651992e+01 -5.1822019e-01 
   497 :  4.5830792e+00 -5.5240209e-01 
   498 :  1.1616921e+01  5.5240209e-01 
   499 :  8.9200361e+00  5.5230324e-01 
   500 :  8.1728719e-01 -5.5797444e-01 
   501 :  7.2798247e+00  5.5220862e-01 
   502 :  9.9805929e+00 -5.5249033e-01 
   503 :  6.2192000e+00  5.5233572e-01 
   504 :  1.8808000e+00 -5.5233572e-01 
   505 :  1.2230065e+01 -5.2054718e-01 
   506 :  3.9699348e+00  5.2054718e-01 
   507 :  1.3338237e+01  6.4499214e-01 
   508 :  1.3341240e+01 -6.4413750e-01 
   509 :  1.2403899e+00  3.2557300e-01 
   510 :  6.8596101e+00 -3.2557300e-01 
   511 :  7.7310071e+00  3.7897263e-01 
   512 :  7.6030413e+00  5.8014835e-01 
   513 :  8.4756200e+00  3.7561997e-01 
   514 :  8.5972774e+00  5.7935164e-01 
   515 :  5.0243744e+00 -3.7562557e-01 
   516 :  4.9027205e+00 -5.7935058e-01 
   517 :  1.0431034e+01 -3.7903378e-01 
   518 :  1.0303066e+01 -5.8022367e-01 
   519 :  5.7689659e+00  3.7903370e-01 
   520 :  5.8969342e+00  5.8022358e-01 
   521 :  1.1169008e+01  3.7896115e-01 
   522 :  1.1296962e+01  5.8014485e-01 
   523 :  3.0690077e+00  3.7895663e-01 
   524 :  3.1969604e+00  5.8013994e-01 
   525 :  2.3243744e+00 -3.7562557e-01 
   526 :  2.2027424e+00 -5.7941895e-01 
   527 :  1.3131782e+01 -3.8007145e-01 
   528 :  1.3001554e+01 -5.8023258e-01 
   529 :  3.6328358e-01 -3.9181978e-01 
   530 :  1.2523093e+01 -3.3272149e-01 
   531 :  3.6769067e+00  3.3272149e-01 
   532 :  1.3660887e+01 -6.8202408e-01 
   533 :  1.3660887e+01  6.8202408e-01 
   534 :  0.0000000e+00  5.3204484e-01 
   535 :  1.2001845e+01  5.4549549e-01 
   536 :  4.1981553e+00 -5.4549549e-01 
   537 :  4.8665791e+00  6.2229524e-01 
   538 :  1.0266575e+01  6.2222893e-01 
   539 :  1.1333421e+01 -6.2229524e-01 
   540 :  5.9338643e+00 -6.2341124e-01 
   541 :  3.2338522e+00 -6.2348072e-01 
   542 :  2.1665746e+00  6.2223036e-01 
   543 :  1.2965296e+01  6.2402516e-01 
   544 :  7.6957842e+00 -5.4232579e-01 
   545 :  8.4612350e+00 -5.4988304e-01 
   546 :  9.9448827e+00  5.5531618e-01 
   547 :  6.2551211e+00 -5.5532709e-01 
   548 :  1.8448789e+00  5.5532709e-01 
   549 :  1.1655147e+01 -5.5550839e-01 
   550 :  4.5448527e+00  5.5550839e-01 
   551 :  3.5588893e+00 -5.5503998e-01 
   552 :  1.2641111e+01  5.5503998e-01 
   553 :  1.0977120e+01  8.1872382e-01 
   554 :  1.0932102e+01  6.3022556e-01 
   555 :  1.0664690e+01  6.3016281e-01 
   556 :  8.2809824e+00 -8.2234982e-01 
   557 :  8.2350562e+00 -6.3195786e-01 
   558 :  8.0189739e+00 -6.2572707e-01 
   559 :  2.8771199e+00  8.1872382e-01 
   560 :  2.8321017e+00  6.3022556e-01 
   561 :  2.5646896e+00  6.3016281e-01 
   562 :  2.8802678e+00 -8.2170037e-01 
   563 :  2.8363778e+00 -6.3026929e-01 
   564 :  2.5788011e+00 -6.3099505e-01 
   565 :  1.0622880e+01 -8.1872382e-01 
   566 :  1.0667898e+01 -6.3022556e-01 
   567 :  1.0935310e+01 -6.3016281e-01 
   568 :  1.4045595e+01 -6.5901075e-01 
   569 :  1.4045595e+01  6.5901075e-01 
   570 :  1.4319197e+01  1.8003174e-01 
   571 :  1.4128165e+01  1.3171243e-01 
   572 :  1.4127935e+01 -1.2920141e-01 
   573 :  1.4139137e+01 -5.1453095e-01 
   574 :  1.0984032e+01 -8.2005505e-01 
   575 :  5.5802678e+00 -8.2170037e-01 
   576 :  5.5363778e+00 -6.3026929e-01 
   577 :  5.2788011e+00 -6.3099505e-01 
   578 :  7.9228725e+00  8.1871753e-01 
   579 :  7.9678771e+00  6.3021142e-01 
   580 :  8.2218274e+00  6.3097314e-01 
   581 :  7.9086426e+00 -7.8097388e-01 
   582 :  5.5771199e+00  8.1872382e-01 
   583 :  5.5321017e+00  6.3022556e-01 
   584 :  5.2646896e+00  6.3016281e-01 
   585 :  5.2222904e+00 -8.1821713e-01 
   586 :  8.2778429e+00  8.1820646e-01 
   587 :  5.2159678e+00  8.2005505e-01 
   588 :  2.5222904e+00 -8.1821713e-01 
   589 :  1.4318023e+01 -1.8304100e-01 
   590 :  2.5159678e+00  8.2005505e-01 
   591 :  1.4139554e+01  5.1458107e-01 
   592 :  1.0615968e+01  8.2005505e-01 
   593 :  3.3339271e-01 -7.6005882e-01 
   594 :  1.3347349e-01 -8.2790733e-01 
   595 :  9.7284837e-02 -6.4133198e-01 
   596 : -2.6317353e-01  7.9470338e-01 
   597 : -4.1445921e-01  6.8958682e-01 
   598 : -3.7264194e-01  5.0489729e-01 
   599 : -2.6736728e-01 -7.9996071e-01 
   600 : -4.1515817e-01 -6.9046304e-01 
   601 : -3.7148061e-01 -5.0945331e-01 
   602 : -7.3795005e-01  4.0670472e-01 
   603 : -7.7368421e-01  2.2581878e-01 
   604 : -7.3795005e-01 -4.0670472e-01 
   605 : -7.7368421e-01 -2.2581878e-01 
   606 :  1.3097257e+01  1.6505404e-01 
   607 :  2.2969286e+00  1.6523837e-01 
   608 :  1.1203108e+01 -1.6527454e-01 
   609 :  1.0396930e+01  1.6523730e-01 
   610 :  3.1027872e+00 -1.6478413e-01 
   611 :  4.9968922e+00  1.6527454e-01 
   612 :  5.8027524e+00 -1.6474214e-01 
   613 :  1.1151102e+01 -5.3312869e-01 
   614 :  5.0488982e+00  5.3312869e-01 
   615 :  5.7528809e+00 -5.3446845e-01 
   616 :  2.3488944e+00  5.3311582e-01 
   617 :  1.0448894e+01  5.3311552e-01 
   618 :  3.0528727e+00 -5.3448322e-01 
   619 :  1.3135052e+01  5.3914614e-01 
   620 :  8.5037964e+00 -1.6427013e-01 
   621 :  7.6961554e+00 -1.6479830e-01 
   622 :  3.9434414e-01  1.6364701e-01 
   623 :  1.2393175e+00 -2.3147717e-01 
   624 :  6.8607061e+00  2.3145240e-01 
   625 :  1.4032996e+01 -3.4495802e-01 
   626 :  1.4032996e+01  3.4495802e-01 
   627 :  1.3663293e+01  3.9422476e-01 
   628 :  1.3663293e+01 -3.9422476e-01 
   629 :  1.3311583e+01 -8.2550710e-01 
   630 :  1.3311583e+01  8.2550710e-01 
   631 :  3.9030635e+00 -5.4449090e-01 
   632 :  1.2296937e+01  5.4449090e-01 
   633 :  6.8528597e+00  5.5526358e-01 
   634 :  1.2471409e+00 -5.5526418e-01 
   635 :  9.3428511e+00  5.6787756e-01 
   636 : -6.1800986e-01  1.1239918e-01 
   637 : -6.0930283e-01 -1.0343547e-01 
   638 :  1.3448077e+00  1.6275009e-01 
   639 :  6.7552083e+00 -1.6276694e-01 
   640 :  7.2123081e-01  3.8089497e-01 
   641 :  3.3159703e-01  7.6677736e-01 
   642 :  8.8305913e+00 -3.8142944e-01 
   643 :  7.3694132e+00 -3.8146801e-01 
   644 :  6.4634378e-01 -5.2323855e-01 
   645 : -5.4733942e-01  3.3870818e-01 
   646 : -5.4733942e-01 -3.3870818e-01 
   647 : -4.7542518e-01  1.9344078e-03 
   648 :  2.8886854e-01 -5.6284526e-01 
   649 :  8.4032863e+00  5.4652522e-01 
   650 :  7.7994885e+00  5.4847788e-01 
   651 :  5.1033713e+00 -5.4599421e-01 
   652 :  1.0499513e+01 -5.4851571e-01 
   653 :  5.7004873e+00  5.4851567e-01 
   654 :  3.0005009e+00  5.4848353e-01 
   655 :  1.1100501e+01  5.4848542e-01 
   656 :  2.4033757e+00 -5.4600789e-01 
   657 :  1.3192739e+01 -5.5275194e-01 
   658 :  8.6119257e+00 -6.6900182e-01 
   659 :  7.5779396e+00 -6.6385243e-01 
   660 : -1.9350944e-01  6.2227588e-01 
   661 : -1.7459848e-01 -6.1771917e-01 
   662 :  5.3241405e-01  6.8404559e-01 
   663 :  1.2322827e+01  4.0001057e-01 
   664 :  3.8771726e+00 -4.0001057e-01 
   665 :  1.0275749e+01  4.4858825e-01 
   666 :  2.1757486e+00  4.4858936e-01 
   667 :  5.9242965e+00 -4.4859318e-01 
   668 :  4.8757548e+00  4.4863562e-01 
   669 :  1.1324245e+01 -4.4863562e-01 
   670 :  1.2974800e+01  4.4912129e-01 
   671 :  3.2242741e+00 -4.4864338e-01 
   672 :  1.0798844e+01  4.8083581e-01 
   673 :  2.6988440e+00  4.8083581e-01 
   674 :  1.0801156e+01 -4.8083581e-01 
   675 :  2.7111350e+00 -4.7407652e-01 
   676 :  8.1106108e+00 -4.8069400e-01 
   677 :  8.0937771e+00  4.7982423e-01 
   678 :  5.3988440e+00  4.8083581e-01 
   679 :  5.4111350e+00 -4.7407652e-01 
   680 :  1.3977597e+01  2.1237204e-03 
   681 :  6.5591807e+00  3.8779560e-01 
   682 :  1.5408198e+00 -3.8779607e-01 
   683 :  1.3756932e+01  5.3657547e-01 
   684 :  1.3756916e+01 -5.3651685e-01 
   685 : -3.4831299e-01 -3.2802799e-01 
   686 : -3.4808784e-01  3.2930313e-01 
   687 :  9.3062769e+00  2.3297127e-01 
   688 :  9.8706996e+00  4.0470645e-01 
   689 :  1.7706718e+00  4.0474564e-01 
   690 :  6.3293282e+00 -4.0474564e-01 
   691 :  9.1688572e-01  3.9186625e-01 
   692 :  1.1729304e+01 -4.0541956e-01 
   693 :  4.4706955e+00  4.0541956e-01 
   694 :  7.1822501e+00 -3.9185926e-01 
   695 :  9.0302132e+00 -3.9358594e-01 
   696 :  1.2604669e+01  4.1062350e-01 
   697 :  3.5953311e+00 -4.1062350e-01 
   698 :  1.3692154e+01  8.3798493e-01 
   699 :  1.3692154e+01 -8.3798493e-01 
   700 :  9.6712038e+00 -3.8944311e-01 
   701 :  1.0141967e+01 -5.0599629e-01 
   702 :  7.4418484e+00  5.0574249e-01 
   703 :  8.7581247e+00  5.0573057e-01 
   704 :  2.0418772e+00 -5.0622191e-01 
   705 :  6.0581060e+00  5.0626380e-01 
   706 :  1.2830280e+01 -4.9980395e-01 
   707 :  3.3641324e+00  5.0171815e-01 
   708 :  1.1457902e+01  5.0642955e-01 
   709 :  4.7420813e+00 -5.0638820e-01 
   710 :  4.2516586e+00 -3.9762277e-01 
   711 :  1.1948341e+01  3.9762277e-01 
   712 :  1.5003860e-01  8.3873057e-01 
   713 : -1.3722490e-02 -4.7070439e-01 
   714 :  1.3945649e+01  5.2364586e-01 
   715 :  1.3945533e+01 -5.2346687e-01 
   716 :  7.8518637e+00 -6.2506352e-01 
   717 :  6.7464509e+00  3.9149990e-01 
   718 :  1.3535553e+00 -3.9150639e-01 
   719 :  1.5722441e+00  4.1157676e-01 
   720 :  6.5277559e+00 -4.1157676e-01 
   721 :  9.6637915e+00  4.1094035e-01 
   722 :  1.1936283e+01 -4.1114888e-01 
   723 :  4.2637167e+00  4.1114888e-01 
   724 :  9.2357023e+00 -4.1065744e-01 
Number of edges 341 
     0 :      0     28 
     1 :     28     29 
     2 :     29     30 
     3 :     30     31 
     4 :     31     32 
     5 :     32     33 
     6 :     33     34 
     7 :     34     35 
     8 :     35     36 
     9 :     36     37 
    10 :     37     38 
    11 :     38     39 
    12 :     39     40 
    13 :     40     41 
    14 :     41     42 
    15 :     42     43 
    16 :     43     44 
    17 :     44     45 
    18 :     45      1 
    19 :      2     46 
    20 :     46     47 
    21 :     47     48 
    22 :     48     49 
    23 :     49     50 
    24 :     50     51 
    25 :     51     52 
    26 :     52      2 
    27 :      2     52 
    28 :     52     52 
    29 :     52     52 
    30 :     52     52 
    31 :     52     52 
    32 :     52      3 
    33 :      2     52 
    34 :     52     52 
    35 :     52     52 
    36 :     52     52 
    37 :     52     52 
    38 :     52      4 
    39 :      5     52 
    40 :     52     52 
    41 :     52     52 
    42 :     52     52 
    43 :     52     52 
    44 :     52     52 
    45 :     52      5 
    46 :      5     52 
    47 :     52     52 
    48 :     52     52 
    49 :     52     52 
    50 :     52     52 
    51 :     52     52 
    52 :     52      6 
    53 :      7     53 
    54 :     53     54 
    55 :     54     55 
    56 :     55     56 
    57 :     56     57 
    58 :     57     58 
    59 :     58     59 
    60 :     59      7 
    61 :      7     59 
    62 :     59     59 
    63 :     59     59 
    64 :     59     59 
    65 :     59     59 
    66 :     59      8 
    67 :      7     59 
    68 :     59     59 
    69 :     59     59 
    70 :     59     59 
    71 :     59     59 
    72 :     59      9 
    73 :     10     59 
    74 :     59     59 
    75 :     59     59 
    76 :     59     59 
    77 :     59     59 
    78 :     59     59 
    79 :     59     10 
    80 :     10     59 
    81 :     59     59 
    82 :     59     59 
    83 :     59     59 
    84 :     59     59 
    85 :     59     59 
    86 :     59     11 
    87 :     12     60 
    88 :     60     61 
    89 :     61     62 
    90 :     62     63 
    91 :     63     64 
    92 :     64     65 
    93 :     65     66 
    94 :     66     12 
    95 :     12     66 
    96 :     66     66 
    97 :     66     66 
    98 :     66     66 
    99 :     66     66 
   100 :     66     13 
   101 :     12     66 
   102 :     66     66 
   103 :     66     66 
   104 :     66     66 
   105 :     66     66 
   106 :     66     14 
   107 :     15     66 
   108 :     66     66 
   109 :     66     66 
   110 :     66     66 
   111 :     66     66 
   112 :     66     66 
   113 :     66     15 
   114 :     15     66 
   115 :     66     66 
   116 :     66     66 
   117 :     66     66 
   118 :     66     66 
   119 :     66     66 
   120 :     66     16 
   121 :     17     67 
   122 :     67     68 
   123 :     68     69 
   124 :     69     70 
   125 :     70     71 
   126 :     71     72 
   127 :     72     73 
   128 :     73     17 
   129 :     17     73 
   130 :     73     73 
   131 :     73     73 
   132 :     73     73 
   133 :     73     73 
   134 :     73     18 
   135 :     17     73 
   136 :     73     73 
   137 :     73     73 
   138 :     73     73 
   139 :     73     73 
   140 :     73     19 
   141 :     20     73 
   142 :     73     73 
   143 :     73     73 
   144 :     73     73 
   145 :     73     73 
   146 :     73     73 
   147 :     73     20 
   148 :     20     73 
   149 :     73     73 
   150 :     73     73 
   151 :     73     73 
   152 :     73     73 
   153 :     73     73 
   154 :     73     21 
   155 :     22     74 
   156 :     74     75 
   157 :     75     76 
   158 :     76     77 
   159 :     77     78 
   160 :     78     79 
   161 :     79     80 
   162 :     80     22 
   163 :     22     80 
   164 :     80     80 
   165 :     80     80 
   166 :     80     80 
   167 :     80     80 
   168 :     80     23 
   169 :     22     80 
   170 :     80     80 
   171 :     80     80 
   172 :     80     80 
   173 :     80     80 
   174 :     80     24 
   175 :     25     80 
   176 :     80     80 
   177 :     80     80 
   178 :     80     80 
   179 :     80     80 
   180 :     80     80 
   181 :     80     25 
   182 :     26     80 
   183 :     80     80 
   184 :     80     80 
   185 :     80     80 
   186 :     80     80 
   187 :     80     80 
   188 :     80     26 
   189 :     26     80 
   190 :     80     80 
   191 :     80     80 
   192 :     80     80 
   193 :     80     80 
   194 :     80     80 
   195 :     80     26 
   196 :     27     81 
   197 :     81     82 
   198 :     82     83 
   199 :     83     84 
   200 :     84     85 
   201 :     85     86 
   202 :     86     87 
   203 :     87     27 
   204 :      0     88 
   205 :     88     89 
   206 :     89     90 
   207 :     90     91 
   208 :     91     92 
   209 :     92      3 
   210 :      1     93 
   211 :     93     94 
   212 :     94     95 
   213 :     95     96 
   214 :     96     97 
   215 :     97      4 
   216 :      5     98 
   217 :     98     99 
   218 :     99    100 
   219 :    100    101 
   220 :    101    102 
   221 :    102    103 
   222 :    103      3 
   223 :      4    104 
   224 :    104    105 
   225 :    105    106 
   226 :    106    107 
   227 :    107    108 
   228 :    108    109 
   229 :    109      6 
   230 :      5    110 
   231 :    110    111 
   232 :    111    112 
   233 :    112    113 
   234 :    113    114 
   235 :    114      8 
   236 :      6    115 
   237 :    115    116 
   238 :    116    117 
   239 :    117    118 
   240 :    118    119 
   241 :    119      9 
   242 :     10    120 
   243 :    120    121 
   244 :    121    122 
   245 :    122    123 
   246 :    123    124 
   247 :    124    125 
   248 :    125      8 
   249 :      9    126 
   250 :    126    127 
   251 :    127    128 
   252 :    128    129 
   253 :    129    130 
   254 :    130    131 
   255 :    131     11 
   256 :     10    132 
   257 :    132    133 
   258 :    133    134 
   259 :    134    135 
   260 :    135    136 
   261 :    136     13 
   262 :     11    137 
   263 :    137    138 
   264 :    138    139 
   265 :    139    140 
   266 :    140    141 
   267 :    141     14 
   268 :     15    142 
   269 :    142    143 
   270 :    143    144 
   271 :    144    145 
   272 :    145    146 
   273 :    146    147 
   274 :    147     13 
   275 :     14    148 
   276 :    148    149 
   277 :    149    150 
   278 :    150    151 
   279 :    151    152 
   280 :    152    153 
   281 :    153     16 
   282 :     15    154 
   283 :    154    155 
   284 :    155    156 
   285 :    156    157 
   286 :    157    158 
   287 :    158     18 
   288 :     16    159 
   289 :    159    160 
   290 :    160    161 
   291 :    161    162 
   292 :    162    163 
   293 :    163     19 
   294 :     20    164 
   295 :    164    165 
   296 :    165    166 
   297 :    166    167 
   298 :    167    168 
   299 :    168    169 
   300 :    169     18 
   301 :     19    170 
   302 :    170    171 
   303 :    171    172 
   304 :    172    173 
   305 :    173    174 
   306 :    174    175 
   307 :    175     21 
   308 :     20    176 
   309 :    176    177 
   310 :    177    178 
   311 :    178    179 
   312 :    179    180 
   313 :    180     23 
   314 :     21    181 
   315 :    181    182 
   316 :    182    183 
   317 :    183    184 
   318 :    184    185 
   319 :    185     24 
   320 :     25    186 
   321 :    186    187 
   322 :    187    188 
   323 :    188    189 
   324 :    189    190 
   325 :    190    191 
   326 :    191     23 
   327 :     26    192 
   328 :    192    193 
   329 :    193    194 
   330 :    194    195 
   331 :    195    196 
   332 :    196    197 
   333 :    197     25 
   334 :     24    198 
   335 :    198    199 
   336 :    199    200 
   337 :    200    201 
   338 :    201    202 
   339 :    202    203 
   340 :    203     26 
Number of triangles 1256 
     0 :    206    455    432
     1 :    434    457    209
     2 :    433    453    216
     3 :    221    452    435
     4 :    210    460    437
     5 :    213    459    438
     6 :    316    403    315
     7 :    326    405    325
     8 :    443    467    208
     9 :    442    468    207
    10 :    208    497    443
    11 :    207    498    442
    12 :    206    499    455
    13 :    457    501    209
    14 :    453    500    216
    15 :    221    502    452
    16 :    210    503    460
    17 :    213    504    459
    18 :    436    489    474
    19 :    353    424    408
    20 :    409    425    352
    21 :    403    404    315
    22 :    405    406    325
    23 :    481    505    374
    24 :    482    506    373
    25 :    374    505    414
    26 :    373    506    415
    27 :    352    642    409
    28 :    408    643    353
    29 :    269    613    567
    30 :    276    614    584
    31 :    283    616    561
    32 :    278    617    555
    33 :     13    512    147
    34 :    142    514     15
    35 :    104    526      4
    36 :    198    528     24
    37 :    164    522     20
    38 :    170    518     19
    39 :     98    524      5
    40 :    120    520     10
    41 :    126    516      9
    42 :    416    439    351
    43 :    545    557    272
    44 :    388    557    545
    45 :    466    538     18
    46 :    416    640    439
    47 :    464    542      3
    48 :    462    540     11
    49 :    445    539     21
    50 :    447    537      8
    51 :    451    543     23
    52 :    449    541      6
    53 :    567    613    384
    54 :    584    614    389
    55 :    561    616    393
    56 :    555    617    381
    57 :    474    489    214
    58 :    376    509    479
    59 :    377    510    473
    60 :    431    480    456
    61 :    479    509    211
    62 :    473    510    215
    63 :    427    483    211
    64 :    429    484    215
    65 :    211    509    427
    66 :    215    510    429
    67 :    490    492    367
    68 :    491    493    366
    69 :    486    489    436
    70 :    354    529    402
    71 :    267    514    142
    72 :    147    512    277
    73 :    281    516    126
    74 :    286    518    170
    75 :    274    520    120
    76 :    268    522    164
    77 :    280    526    104
    78 :    275    524     98
    79 :    287    528    198
    80 :    346    485    298
    81 :    349    492    490
    82 :    350    493    491
    83 :    346    486    485
    84 :    346    489    486
    85 :    349    487    322
    86 :    350    488    327
    87 :    349    490    487
    88 :    350    491    488
    89 :    466    665    538
    90 :    464    666    542
    91 :    462    667    540
    92 :    480    635    456
    93 :    445    669    539
    94 :    447    668    537
    95 :    451    670    543
    96 :    449    671    541
    97 :    572    625    284
    98 :    117    536    411
    99 :    178    535    410
   100 :    402    644    354
   101 :    411    631    117
   102 :    410    632    178
   103 :    288    618    563
   104 :    285    615    576
   105 :    456    687    431
   106 :    474    700    436
   107 :    204    530    414
   108 :    212    531    415
   109 :    563    618    401
   110 :    576    615    398
   111 :     18    546    466
   112 :      3    548    464
   113 :     11    547    462
   114 :     21    549    445
   115 :      8    550    447
   116 :    431    687    485
   117 :     23    552    451
   118 :      6    551    449
   119 :    414    505    204
   120 :    415    506    212
   121 :    406    438    325
   122 :    404    437    315
   123 :    496    530    204
   124 :    495    531    212
   125 :    316    639    403
   126 :    326    638    405
   127 :    580    649    267
   128 :    564    656    280
   129 :    577    651    281
   130 :    567    574    269
   131 :    561    590    283
   132 :    280    588    564
   133 :    555    592    278
   134 :    284    589    572
   135 :    584    587    276
   136 :    281    585    577
   137 :    267    586    580
   138 :    593    648    595
   139 :    351    439    407
   140 :    440    530    496
   141 :    441    531    495
   142 :    593    595    594
   143 :    413    508    343
   144 :    344    507    412
   145 :    343    532    413
   146 :    412    533    344
   147 :    605    646    637
   148 :    636    645    603
   149 :    600    661    601
   150 :    598    660    597
   151 :    507    619    380
   152 :    216    454    433
   153 :    209    458    434
   154 :    432    456    206
   155 :    604    646    605
   156 :    603    645    602
   157 :    599    661    600
   158 :    597    660    596
   159 :    390    625    572
   160 :    273    626    571
   161 :    528    706     24
   162 :    524    707      5
   163 :     13    702    512
   164 :    514    703     15
   165 :    522    708     20
   166 :    516    709      9
   167 :    518    701     19
   168 :    526    704      4
   169 :    520    705     10
   170 :      1    402     45
   171 :    425    545    352
   172 :    353    544    424
   173 :    354    644    453
   174 :    453    644    500
   175 :    279    619    507
   176 :    271    715    684
   177 :    683    714    270
   178 :    435    452    305
   179 :    432    455    296
   180 :    302    453    433
   181 :    299    457    434
   182 :    438    459    323
   183 :    437    460    313
   184 :    529    648    402
   185 :    289    606    417
   186 :    292    607    418
   187 :    294    609    419
   188 :    290    610    421
   189 :    295    611    423
   190 :    291    612    422
   191 :    293    608    420
   192 :    241    248    244
   193 :    245    247    242
   194 :    243    249    246
   195 :    248    457    299
   196 :    296    455    247
   197 :    249    453    302
   198 :    305    452    252
   199 :    230    250    229
   200 :    240    254    239
   201 :    238    256    237
   202 :    232    252    231
   203 :    236    258    235
   204 :    234    262    233
   205 :    228    260    227
   206 :    323    459    260
   207 :    313    460    256
   208 :    423    668    295
   209 :    420    669    293
   210 :    418    666    292
   211 :    422    667    291
   212 :    419    665    294
   213 :    417    670    289
   214 :    421    671    290
   215 :    314    461    428
   216 :    324    463    426
   217 :    424    621    408
   218 :    409    620    425
   219 :    306    465    430
   220 :    322    531    441
   221 :    327    530    440
   222 :    251    446    309
   223 :    255    444    318
   224 :    263    327    262
   225 :    259    322    258
   226 :    248    299    264
   227 :    266    296    247
   228 :    249    302    265
   229 :    228    261    260
   230 :    230    251    250
   231 :    240    255    254
   232 :    238    257    256
   233 :    236    259    258
   234 :    234    263    262
   235 :    232    253    252
   236 :    254    442    362
   237 :    250    443    357
   238 :    253    305    252
   239 :    258    441    361
   240 :    262    440    363
   241 :    257    313    256
   242 :    261    323    260
   243 :    249    265    246
   244 :    248    264    244
   245 :    245    266    247
   246 :    255    317    254
   247 :    251    308    250
   248 :    241    244     70
   249 :    243    246      2
   250 :     17    245    242
   251 :     84    234    233
   252 :     77    232    231
   253 :     12    238    237
   254 :      7    236    235
   255 :     56    228    227
   256 :     63    230    229
   257 :     22    240    239
   258 :    252    452    358
   259 :    257    461    314
   260 :    261    463    324
   261 :    253    465    306
   262 :    354    453    249
   263 :    247    455    355
   264 :    356    457    248
   265 :    253    306    305
   266 :    257    314    313
   267 :    261    324    323
   268 :    250    357    229
   269 :    258    361    235
   270 :    254    362    239
   271 :    256    360    237
   272 :    260    359    227
   273 :    262    363    233
   274 :    252    358    231
   275 :    260    459    359
   276 :    256    460    360
   277 :    247    355    242
   278 :    241    356    248
   279 :    243    354    249
   280 :    293    444    255
   281 :    295    446    251
   282 :    251    309    308
   283 :    255    318    317
   284 :    266    297    296
   285 :    299    300    264
   286 :    302    303    265
   287 :    259    448    349
   288 :    263    450    350
   289 :    384    420     80
   290 :    393    418     55
   291 :    398    422     66
   292 :    401    421     59
   293 :    389    423     62
   294 :    380    417     83
   295 :    381    419     76
   296 :    364    468    319
   297 :    365    467    310
   298 :    290    448    259
   299 :    289    450    263
   300 :    377    476    300
   301 :    297    475    375
   302 :    388    425     73
   303 :     71    424    392
   304 :    446    469    309
   305 :    444    470    318
   306 :     31    379     30
   307 :     43    378     42
   308 :    306    307    305
   309 :    263    350    327
   310 :    259    349    322
   311 :     40    372     39
   312 :     34    371     33
   313 :    318    319    317
   314 :    309    310    308
   315 :     37    370     36
   316 :    319    468    317
   317 :    310    467    308
   318 :    302    304    303
   319 :    297    298    296
   320 :    299    301    300
   321 :    327    440    262
   322 :    322    441    258
   323 :    293    445    444
   324 :    295    447    446
   325 :     77    231     78
   326 :     17    242     67
   327 :     22    239     74
   328 :     52    243      2
   329 :     12    237     60
   330 :     69    241     70
   331 :     84    233     85
   332 :      7    235     53
   333 :     63    229     64
   334 :     56    227     57
   335 :    317    442    254
   336 :    308    443    250
   337 :    289    451    450
   338 :    290    449    448
   339 :    266    475    297
   340 :    300    476    264
   341 :    487    531    322
   342 :    488    530    327
   343 :    311    469    373
   344 :    320    470    374
   345 :    240    293    255
   346 :    228    292    261
   347 :    230    295    251
   348 :    238    291    257
   349 :    236    290    259
   350 :    234    289    263
   351 :    232    294    253
   352 :    324    325    323
   353 :    314    315    313
   354 :    291    461    257
   355 :    292    463    261
   356 :    309    469    311
   357 :    318    470    320
   358 :    308    467    443
   359 :    317    468    442
   360 :    294    465    253
   361 :    309    311    310
   362 :    318    320    319
   363 :    307    435    305
   364 :    302    433    304
   365 :    299    434    301
   366 :    298    432    296
   367 :    307    436    435
   368 :     82    412    380
   369 :    395    413     86
   370 :    385    386     81
   371 :     87    391    390
   372 :    291    462    461
   373 :    292    464    463
   374 :    294    466    465
   375 :    306    345    307
   376 :    314    428    316
   377 :    324    426    326
   378 :    245    409    266
   379 :    264    408    244
   380 :    324    326    325
   381 :    314    316    315
   382 :    325    438    323
   383 :    315    437    313
   384 :    297    346    298
   385 :    320    321    319
   386 :    311    312    310
   387 :    426    427    326
   388 :    428    429    316
   389 :    388    545    425
   390 :    424    544    392
   391 :    301    369    300
   392 :    304    368    303
   393 :     75    381     76
   394 :     82    380     83
   395 :     78    394     79
   396 :     85    395     86
   397 :     71    392     72
   398 :     74    383     75
   399 :     67    382     68
   400 :     65    398     66
   401 :     68    387     69
   402 :     27    385     81
   403 :     57    400     58
   404 :     79    384     80
   405 :     72    388     73
   406 :     58    401     59
   407 :     87    390     27
   408 :     54    393     55
   409 :     53    397     54
   410 :     60    396     61
   411 :     64    399     65
   412 :     61    389     62
   413 :    321    364    319
   414 :    312    365    310
   415 :     46    351    328
   416 :    265    416    246
   417 :    351    622    416
   418 :    306    430    345
   419 :    430    431    345
   420 :    373    415    347
   421 :    374    414    348
   422 :    297    375    346
   423 :    369    377    300
   424 :    368    376    303
   425 :    304    405    368
   426 :    301    403    369
   427 :    367    411    365
   428 :    366    410    364
   429 :    321    366    364
   430 :    312    367    365
   431 :    311    373    347
   432 :    320    374    348
   433 :    265    477    416
   434 :    311    347    312
   435 :    320    348    321
   436 :    406    682    438
   437 :    404    681    437
   438 :    161    214    160
   439 :    221    474    162
   440 :    162    474    161
   441 :    113    219    114
   442 :    135    209    136
   443 :    138    222    137
   444 :    110    212    111
   445 :    116    220    115
   446 :    140    215    139
   447 :     94    216     93
   448 :     91    223     92
   449 :     97    213     96
   450 :     89    211     90
   451 :    154    206    155
   452 :    157    205    158
   453 :    176    207    177
   454 :    179    217    180
   455 :    182    218    181
   456 :    185    204    184
   457 :    161    474    214
   458 :    163    221    162
   459 :    119    208    118
   460 :    132    210    133
   461 :    409    475    266
   462 :    264    476    408
   463 :    403    624    404
   464 :    405    623    406
   465 :     96    471     95
   466 :    213    471     96
   467 :    210    472    133
   468 :    133    472    134
   469 :    448    492    349
   470 :    450    493    350
   471 :    307    486    436
   472 :    151    335    150
   473 :    189    344    188
   474 :    167    342    166
   475 :    173    336    172
   476 :    201    343    200
   477 :    101    340    100
   478 :    107    341    106
   479 :    195    334    194
   480 :    123    338    122
   481 :    145    337    144
   482 :    129    339    128
   483 :    157    480    205
   484 :    169    278    168
   485 :    191    279    190
   486 :    165    268    164
   487 :    187    270    186
   488 :    143    267    142
   489 :    171    286    170
   490 :    149    282    148
   491 :    109    288    108
   492 :    127    281    126
   493 :    105    280    104
   494 :    103    283    102
   495 :    125    276    124
   496 :    147    277    146
   497 :    131    285    130
   498 :     99    275     98
   499 :    197    273    196
   500 :    121    274    120
   501 :    199    287    198
   502 :    203    271    202
   503 :    153    272    152
   504 :    175    269    174
   505 :    193    284    192
   506 :    182    481    218
   507 :    113    482    219
   508 :     91    483    223
   509 :    138    484    222
   510 :    215    484    139
   511 :    211    483     90
   512 :     89    479    211
   513 :     88    479     89
   514 :    140    473    215
   515 :    214    478    160
   516 :    160    478    159
   517 :    141    473    140
   518 :    376    477    303
   519 :    156    480    157
   520 :    321    491    366
   521 :    312    490    367
   522 :    183    481    182
   523 :    112    482    113
   524 :    345    486    307
   525 :    303    477    265
   526 :     90    483     91
   527 :    139    484    138
   528 :    431    485    345
   529 :    415    487    347
   530 :    414    488    348
   531 :    347    490    312
   532 :    348    491    321
   533 :     14    224    141
   534 :      0    226     88
   535 :    159    225     16
   536 :    375    489    346
   537 :    485    486    345
   538 :     49    333     50
   539 :     48    332     49
   540 :     50    331     51
   541 :     47    330     48
   542 :     46    328     47
   543 :     51    329     52
   544 :    487    490    347
   545 :    488    491    348
   546 :    351    407    328
   547 :    159    478    225
   548 :    226    479     88
   549 :    224    473    141
   550 :    414    530    488
   551 :    415    531    487
   552 :     14    353    224
   553 :    225    352     16
   554 :    185    496    204
   555 :    110    495    212
   556 :    176    498    207
   557 :    119    497    208
   558 :    209    501    136
   559 :    154    499    206
   560 :    216    500     93
   561 :    163    502    221
   562 :    369    510    377
   563 :    368    509    376
   564 :    132    503    210
   565 :     97    504    213
   566 :    270    714    569
   567 :    568    715    271
   568 :    407    494    328
   569 :    277    650    579
   570 :    554    655    268
   571 :    560    654    275
   572 :    566    652    286
   573 :    583    653    274
   574 :    242    513     67
   575 :     69    511    241
   576 :    229    515     64
   577 :    231    517     78
   578 :    237    519     60
   579 :    235    523     53
   580 :    239    521     74
   581 :    227    525     57
   582 :    233    527     85
   583 :      0    439    226
   584 :    204    505    184
   585 :    212    506    111
   586 :    217    663    493
   587 :    220    664    492
   588 :    387    511     69
   589 :     67    513    382
   590 :     64    515    399
   591 :     60    519    396
   592 :     53    523    397
   593 :     78    517    394
   594 :     85    527    395
   595 :     74    521    383
   596 :     57    525    400
   597 :     52    529    243
   598 :    112    506    482
   599 :    183    505    481
   600 :    553    554    268
   601 :    272    557    556
   602 :    559    560    275
   603 :    565    566    286
   604 :    288    563    562
   605 :    277    579    578
   606 :    582    583    274
   607 :    285    576    575
   608 :    273    571    570
   609 :      5    495    110
   610 :     24    496    185
   611 :      9    497    119
   612 :     20    498    176
   613 :    440    706    363
   614 :    441    707    361
   615 :    379    534    494
   616 :    571    626    385
   617 :    442    708    362
   618 :    443    709    357
   619 :     15    499    154
   620 :     93    500      1
   621 :    136    501     13
   622 :     19    502    163
   623 :     10    503    132
   624 :      4    504     97
   625 :    454    623    433
   626 :    458    624    434
   627 :    289    670    451
   628 :    290    671    449
   629 :    295    668    447
   630 :    293    669    445
   631 :    291    667    462
   632 :    292    666    464
   633 :    294    665    466
   634 :    558    716    581
   635 :    216    634    454
   636 :    209    633    458
   637 :    544    716    392
   638 :    456    635    206
   639 :    329    529     52
   640 :    234    606    289
   641 :    228    607    292
   642 :    232    609    294
   643 :    236    610    290
   644 :    238    612    291
   645 :    230    611    295
   646 :    240    608    293
   647 :    177    535    178
   648 :    118    536    117
   649 :    452    701    358
   650 :    459    704    359
   651 :    460    705    360
   652 :    356    702    457
   653 :    455    703    355
   654 :    433    623    304
   655 :    434    624    301
   656 :    245    620    409
   657 :    408    621    244
   658 :    493    696    217
   659 :    492    697    220
   660 :    416    622    246
   661 :    511    512    356
   662 :    355    514    513
   663 :    362    522    521
   664 :    358    518    517
   665 :    357    516    515
   666 :    360    520    519
   667 :    361    524    523
   668 :    359    526    525
   669 :    363    528    527
   670 :    181    549     21
   671 :    114    550      8
   672 :    158    546     18
   673 :    137    547     11
   674 :     92    548      3
   675 :    624    717    404
   676 :    623    718    406
   677 :    115    551      6
   678 :    180    552     23
   679 :    496    706    440
   680 :    495    707    441
   681 :    498    708    442
   682 :    497    709    443
   683 :    445    692    444
   684 :    447    693    446
   685 :    473    694    377
   686 :    111    506    112
   687 :    184    505    183
   688 :    178    632    179
   689 :    117    631    116
   690 :     94    634    216
   691 :    135    633    209
   692 :    462    690    461
   693 :    464    689    463
   694 :    466    688    465
   695 :    206    635    155
   696 :    479    691    376
   697 :    449    697    448
   698 :    451    696    450
   699 :    403    639    369
   700 :    405    638    368
   701 :    471    634     95
   702 :    472    633    134
   703 :    156    635    480
   704 :    395    508    413
   705 :    412    507    380
   706 :     47    534    330
   707 :    328    534     47
   708 :    410    711    364
   709 :    411    710    365
   710 :    384    613    420
   711 :    389    614    423
   712 :    393    616    418
   713 :    398    615    422
   714 :    381    617    419
   715 :    401    618    421
   716 :    380    619    417
   717 :    502    701    452
   718 :    457    702    501
   719 :    499    703    455
   720 :    504    704    459
   721 :    503    705    460
   722 :    357    515    229
   723 :    360    519    237
   724 :    362    521    239
   725 :    358    517    231
   726 :    361    523    235
   727 :    359    525    227
   728 :    363    527    233
   729 :    241    511    356
   730 :    355    513    242
   731 :    382    649    580
   732 :    400    656    564
   733 :    399    651    577
   734 :    243    529    354
   735 :    369    639    510
   736 :    368    638    509
   737 :    437    681    210
   738 :    438    682    213
   739 :    581    716    282
   740 :    435    700    221
   741 :    471    718    634
   742 :    472    717    633
   743 :    595    713    661
   744 :     21    539    175
   745 :      8    537    125
   746 :     11    540    131
   747 :      3    542    103
   748 :     18    538    169
   749 :      6    541    109
   750 :     23    543    191
   751 :      1    644    402
   752 :    467    710    208
   753 :    468    711    207
   754 :    458    717    624
   755 :    454    718    623
   756 :    564    588    341
   757 :    340    590    561
   758 :    558    581    335
   759 :    336    574    567
   760 :    342    592    555
   761 :    572    589    334
   762 :    580    586    337
   763 :    577    585    339
   764 :    338    587    584
   765 :     28    662      0
   766 :    379    660    534
   767 :    546    688    466
   768 :    547    690    462
   769 :    548    689    464
   770 :    549    692    445
   771 :    550    693    447
   772 :    535    711    410
   773 :    536    710    411
   774 :    551    697    449
   775 :    552    696    451
   776 :    207    535    177
   777 :    208    536    118
   778 :    595    661    378
   779 :    494    534    328
   780 :     43    594    378
   781 :     31    596    379
   782 :    378    599     42
   783 :     34    602    371
   784 :    372    604     39
   785 :    371    597     33
   786 :     40    600    372
   787 :    370    603     36
   788 :     37    605    370
   789 :    125    537    276
   790 :    175    539    269
   791 :    131    540    285
   792 :    103    542    283
   793 :    169    538    278
   794 :     46    622    351
   795 :    109    541    288
   796 :    191    543    279
   797 :    601    685    646
   798 :    645    686    598
   799 :    205    546    158
   800 :    222    547    137
   801 :    223    548     92
   802 :    218    549    181
   803 :    219    550    114
   804 :    220    551    115
   805 :    217    552    180
   806 :    439    662    407
   807 :    417    606     83
   808 :    420    608     80
   809 :    422    612     66
   810 :    423    611     62
   811 :    418    607     55
   812 :    421    610     59
   813 :    419    609     76
   814 :    595    648    329
   815 :     16    658    153
   816 :    148    659     14
   817 :     29    641     28
   818 :    601    646    372
   819 :    371    645    598
   820 :    425    620     73
   821 :     71    621    424
   822 :      5    707    495
   823 :     24    706    496
   824 :      9    709    497
   825 :     20    708    498
   826 :     45    593     44
   827 :     17    620    245
   828 :    244    621     70
   829 :    246    622      2
   830 :    166    553    165
   831 :    172    565    171
   832 :    100    559     99
   833 :    108    562    107
   834 :    152    556    151
   835 :     44    594     43
   836 :    130    575    129
   837 :    122    582    121
   838 :    150    581    149
   839 :    128    585    127
   840 :    146    578    145
   841 :    124    587    123
   842 :    174    574    173
   843 :    144    586    143
   844 :    106    588    105
   845 :    168    592    167
   846 :    102    590    101
   847 :    194    589    193
   848 :    196    570    195
   849 :    192    573     26
   850 :     25    591    197
   851 :     26    568    203
   852 :    186    569     25
   853 :     32    596     31
   854 :     42    599     41
   855 :     56    607    228
   856 :     22    608    240
   857 :     84    606    234
   858 :     63    611    230
   859 :     77    609    232
   860 :     12    612    238
   861 :      7    610    236
   862 :     39    604     38
   863 :     35    602     34
   864 :     33    597     32
   865 :     41    600     40
   866 :     15    703    499
   867 :    501    702     13
   868 :     38    605     37
   869 :     36    603     35
   870 :    342    553    166
   871 :    151    556    335
   872 :    107    562    341
   873 :    340    559    100
   874 :    336    565    172
   875 :    173    574    336
   876 :    334    589    194
   877 :    341    588    106
   878 :    338    582    122
   879 :    101    590    340
   880 :    337    586    144
   881 :    145    578    337
   882 :    335    581    150
   883 :    339    585    128
   884 :    123    587    338
   885 :    129    575    339
   886 :    195    570    334
   887 :    167    592    342
   888 :    370    637    636
   889 :     19    701    502
   890 :     10    705    503
   891 :      4    704    504
   892 :    165    553    268
   893 :    272    556    152
   894 :     99    559    275
   895 :    288    562    108
   896 :    171    565    286
   897 :    379    712     30
   898 :    285    575    130
   899 :    121    582    274
   900 :    149    581    282
   901 :    277    578    146
   902 :    269    574    174
   903 :    276    587    124
   904 :    143    586    267
   905 :    127    585    281
   906 :    278    592    168
   907 :    283    590    102
   908 :    193    589    284
   909 :    105    588    280
   910 :    273    570    196
   911 :    284    573    192
   912 :    197    591    273
   913 :    203    568    271
   914 :    270    569    186
   915 :    391    625    390
   916 :    385    626    386
   917 :     73    620     17
   918 :     70    621     71
   919 :    304    623    405
   920 :    301    624    403
   921 :     55    607     56
   922 :     80    608     22
   923 :     62    611     63
   924 :     66    612     12
   925 :     76    609     77
   926 :     59    610      7
   927 :     83    606     84
   928 :    343    629    200
   929 :    189    630    344
   930 :      2    622     46
   931 :    279    630    190
   932 :    199    629    287
   933 :    637    647    636
   934 :    412    683    533
   935 :    532    684    413
   936 :     82    627    412
   937 :    413    628     86
   938 :    386    627     81
   939 :     87    628    391
   940 :     81    627     82
   941 :     86    628     87
   942 :    200    629    199
   943 :    190    630    189
   944 :    179    632    217
   945 :    116    631    220
   946 :    392    676     72
   947 :    400    675     58
   948 :     79    674    384
   949 :     75    672    381
   950 :     54    673    393
   951 :    390    680     27
   952 :    399    679     65
   953 :     61    678    389
   954 :    382    677     68
   955 :    201    699    343
   956 :    344    698    188
   957 :    134    633    135
   958 :     95    634     94
   959 :    155    635    156
   960 :    563    564    341
   961 :    557    558    335
   962 :    340    561    560
   963 :    342    555    554
   964 :    336    567    566
   965 :    579    580    337
   966 :    338    584    583
   967 :    576    577    339
   968 :    571    572    334
   969 :    187    698    270
   970 :    271    699    202
   971 :    579    650    387
   972 :    394    652    566
   973 :    397    654    560
   974 :    383    655    554
   975 :    396    653    583
   976 :    402    593     45
   977 :    427    638    326
   978 :    429    639    316
   979 :    213    682    471
   980 :    210    681    472
   981 :    494    712    379
   982 :    352    658     16
   983 :     14    659    353
   984 :    627    683    412
   985 :    413    684    628
   986 :    477    640    416
   987 :    591    626    273
   988 :    284    625    573
   989 :    225    695    642
   990 :    432    687    456
   991 :    643    694    224
   992 :    500    644      1
   993 :    509    638    427
   994 :    510    639    429
   995 :    461    690    428
   996 :    463    689    426
   997 :    465    688    430
   998 :    508    657    287
   999 :    409    642    475
  1000 :    476    643    408
  1001 :    287    629    508
  1002 :    507    630    279
  1003 :     49    647    333
  1004 :    342    554    553
  1005 :    336    566    565
  1006 :    340    560    559
  1007 :    562    563    341
  1008 :    556    557    335
  1009 :    570    571    334
  1010 :    338    583    582
  1011 :    578    579    337
  1012 :    575    576    339
  1013 :    642    695    475
  1014 :    476    694    643
  1015 :    282    659    148
  1016 :    153    658    272
  1017 :    298    687    432
  1018 :    330    686     48
  1019 :     50    685    331
  1020 :    364    711    468
  1021 :    365    710    467
  1022 :    475    695    375
  1023 :    377    694    476
  1024 :    407    662    641
  1025 :     51    713    329
  1026 :    383    672     75
  1027 :     58    675    401
  1028 :    394    674     79
  1029 :    397    673     54
  1030 :     72    676    388
  1031 :     68    677    387
  1032 :    396    678     61
  1033 :     27    680    385
  1034 :     65    679    398
  1035 :    640    691    226
  1036 :    407    641    494
  1037 :    330    660    598
  1038 :    601    661    331
  1039 :    366    663    410
  1040 :    367    664    411
  1041 :    332    647     49
  1042 :    221    700    474
  1043 :    637    646    333
  1044 :    332    645    636
  1045 :    444    692    470
  1046 :    446    693    469
  1047 :    225    642    352
  1048 :    353    643    224
  1049 :    436    700    435
  1050 :    492    664    367
  1051 :    493    663    366
  1052 :    439    640    226
  1053 :    469    723    373
  1054 :    470    722    374
  1055 :    641    662     28
  1056 :    188    698    187
  1057 :    202    699    201
  1058 :    428    720    429
  1059 :    426    719    427
  1060 :    477    691    640
  1061 :    430    721    431
  1062 :     30    712     29
  1063 :    522    655    521
  1064 :    520    653    519
  1065 :    516    651    515
  1066 :    518    652    517
  1067 :    528    657    527
  1068 :    524    654    523
  1069 :    526    656    525
  1070 :    514    649    513
  1071 :    511    650    512
  1072 :    376    691    477
  1073 :    508    629    343
  1074 :    344    630    507
  1075 :    395    657    508
  1076 :    485    687    298
  1077 :    448    697    492
  1078 :    450    696    493
  1079 :    478    695    225
  1080 :    224    694    473
  1081 :    226    691    479
  1082 :     48    686    332
  1083 :    333    685     50
  1084 :    631    664    220
  1085 :    632    663    217
  1086 :    267    649    514
  1087 :    512    650    277
  1088 :    483    719    223
  1089 :    484    720    222
  1090 :    480    721    205
  1091 :    281    651    516
  1092 :    286    652    518
  1093 :    274    653    520
  1094 :    275    654    524
  1095 :    268    655    522
  1096 :    280    656    526
  1097 :    287    657    528
  1098 :    489    724    214
  1099 :    689    719    426
  1100 :    690    720    428
  1101 :    481    722    218
  1102 :    482    723    219
  1103 :    688    721    430
  1104 :    512    702    356
  1105 :    355    703    514
  1106 :    358    701    518
  1107 :    329    648    529
  1108 :    359    704    526
  1109 :    360    705    520
  1110 :    363    706    528
  1111 :    361    707    524
  1112 :    362    708    522
  1113 :    357    709    516
  1114 :    223    719    689
  1115 :    222    720    690
  1116 :    214    724    478
  1117 :    431    721    480
  1118 :    205    721    688
  1119 :    429    720    484
  1120 :    427    719    483
  1121 :    375    724    489
  1122 :    373    723    482
  1123 :    374    722    481
  1124 :    218    722    692
  1125 :    219    723    693
  1126 :    692    722    470
  1127 :    693    723    469
  1128 :    594    595    378
  1129 :    684    715    391
  1130 :    386    714    683
  1131 :    591    714    626
  1132 :    625    715    573
  1133 :    634    718    454
  1134 :    633    717    458
  1135 :    331    713     51
  1136 :      0    662    439
  1137 :    539    669    613
  1138 :    537    668    614
  1139 :    538    665    617
  1140 :    542    666    616
  1141 :    540    667    615
  1142 :    543    670    619
  1143 :    541    671    618
  1144 :    271    684    532
  1145 :    533    683    270
  1146 :    695    724    375
  1147 :    478    724    695
  1148 :    384    674    567
  1149 :    381    672    555
  1150 :    558    676    392
  1151 :    564    675    400
  1152 :    393    673    561
  1153 :    572    680    390
  1154 :    580    677    382
  1155 :    577    679    399
  1156 :    389    678    584
  1157 :    343    699    532
  1158 :    533    698    344
  1159 :    270    698    533
  1160 :    532    699    271
  1161 :     26    573    568
  1162 :    569    591     25
  1163 :    371    598    597
  1164 :    600    601    372
  1165 :    593    594     44
  1166 :     32    597    596
  1167 :    599    600     41
  1168 :    604    605     38
  1169 :     35    603    602
  1170 :    537    614    276
  1171 :    539    613    269
  1172 :    540    615    285
  1173 :    542    616    283
  1174 :    538    617    278
  1175 :    543    619    279
  1176 :    541    618    288
  1177 :    661    713    331
  1178 :    401    675    563
  1179 :    560    673    397
  1180 :    388    676    557
  1181 :    566    674    394
  1182 :    554    672    383
  1183 :    398    679    576
  1184 :    387    677    579
  1185 :    583    678    396
  1186 :    385    680    571
  1187 :    561    673    560
  1188 :    563    675    564
  1189 :    557    676    558
  1190 :    567    674    566
  1191 :    555    672    554
  1192 :    584    678    583
  1193 :    579    677    580
  1194 :    576    679    577
  1195 :    571    680    572
  1196 :    527    657    395
  1197 :    517    652    394
  1198 :    523    654    397
  1199 :    515    651    399
  1200 :    519    653    396
  1201 :    521    655    383
  1202 :    525    656    400
  1203 :    513    649    382
  1204 :    387    650    511
  1205 :    534    660    330
  1206 :    329    713    595
  1207 :    605    637    370
  1208 :    370    636    603
  1209 :    331    685    601
  1210 :    598    686    330
  1211 :    646    685    333
  1212 :    332    686    645
  1213 :    333    647    637
  1214 :    602    645    371
  1215 :    372    646    604
  1216 :    402    648    593
  1217 :    544    659    282
  1218 :    272    658    545
  1219 :    207    711    535
  1220 :    208    710    536
  1221 :    545    658    352
  1222 :    353    659    544
  1223 :    636    647    332
  1224 :    596    660    379
  1225 :    378    661    599
  1226 :    392    716    558
  1227 :    569    714    591
  1228 :    573    715    568
  1229 :    205    688    546
  1230 :    223    689    548
  1231 :    222    690    547
  1232 :    681    717    472
  1233 :    682    718    471
  1234 :    219    693    550
  1235 :    218    692    549
  1236 :    217    696    552
  1237 :    220    697    551
  1238 :    404    717    681
  1239 :    406    718    682
  1240 :    617    665    419
  1241 :    616    666    418
  1242 :    615    667    422
  1243 :    614    668    423
  1244 :    613    669    420
  1245 :    619    670    417
  1246 :    618    671    421
  1247 :    386    683    627
  1248 :    628    684    391
  1249 :    410    663    632
  1250 :    411    664    631
  1251 :    641    712    494
  1252 :     29    712    641
  1253 :    282    716    544
  1254 :    391    715    625
  1255 :    626    714    386
Number of domains 49
  Domain :      0 
  Name : Entity 0 
  Number of elements :     19
     0     1     2     3     4     5     6     7     8     9
    10    11    12    13    14    15    16    17    18
  Domain :      1 
  Name : Entity 1 
  Number of elements :      8
    19    20    21    22    23    24    25    26
  Domain :      2 
  Name : Entity 2 
  Number of elements :      6
    27    28    29    30    31    32
  Domain :      3 
  Name : Entity 3 
  Number of elements :      6
    33    34    35    36    37    38
  Domain :      4 
  Name : Entity 4 
  Number of elements :      7
    39    40    41    42    43    44    45
  Domain :      5 
  Name : Entity 5 
  Number of elements :      7
    46    47    48    49    50    51    52
  Domain :      6 
  Name : Entity 6 
  Number of elements :      8
    53    54    55    56    57    58    59    60
  Domain :      7 
  Name : Entity 7 
  Number of elements :      6
    61    62    63    64    65    66
  Domain :      8 
  Name : Entity 8 
  Number of elements :      6
    67    68    69    70    71    72
  Domain :      9 
  Name : Entity 9 
  Number of elements :      7
    73    74    75    76    77    78    79
  Domain :     10 
  Name : Entity 10 
  Number of elements :      7
    80    81    82    83    84    85    86
  Domain :     11 
  Name : Entity 11 
  Number of elements :      8
    87    88    89    90    91    92    93    94
  Domain :     12 
  Name : Entity 12 
  Number of elements :      6
    95    96    97    98    99   100
  Domain :     13 
  Name : Entity 13 
  Number of elements :      6
   101   102   103   104   105   106
  Domain :     14 
  Name : Entity 14 
  Number of elements :      7
   107   108   109   110   111   112   113
  Domain :     15 
  Name : Entity 15 
  Number of elements :      7
   114   115   116   117   118   119   120
  Domain :     16 
  Name : Entity 16 
  Number of elements :      8
   121   122   123   124   125   126   127   128
  Domain :     17 
  Name : Entity 17 
  Number of elements :      6
   129   130   131   132   133   134
  Domain :     18 
  Name : Entity 18 
  Number of elements :      6
   135   136   137   138   139   140
  Domain :     19 
  Name : Entity 19 
  Number of elements :      7
   141   142   143   144   145   146   147
  Domain :     20 
  Name : Entity 20 
  Number of elements :      7
   148   149   150   151   152   153   154
  Domain :     21 
  Name : Entity 21 
  Number of elements :      8
   155   156   157   158   159   160   161   162
  Domain :     22 
  Name : Entity 22 
  Number of elements :      6
   163   164   165   166   167   168
  Domain :     23 
  Name : Entity 23 
  Number of elements :      6
   169   170   171   172   173   174
  Domain :     24 
  Name : Entity 24 
  Number of elements :      7
   175   176   177   178   179   180   181
  Domain :     25 
  Name : Entity 25 
  Number of elements :      7
   182   183   184   185   186   187   188
  Domain :     26 
  Name : Entity 26 
  Number of elements :      7
   189   190   191   192   193   194   195
  Domain :     27 
  Name : Entity 27 
  Number of elements :      8
   196   197   198   199   200   201   202   203
  Domain :     28 
  Name : Entity 28 
  Number of elements :      6
   204   205   206   207   208   209
  Domain :     29 
  Name : Entity 29 
  Number of elements :      6
   210   211   212   213   214   215
  Domain :     30 
  Name : Entity 30 
  Number of elements :      7
   216   217   218   219   220   221   222
  Domain :     31 
  Name : Entity 31 
  Number of elements :      7
   223   224   225   226   227   228   229
  Domain :     32 
  Name : Entity 32 
  Number of elements :      6
   230   231   232   233   234   235
  Domain :     33 
  Name : Entity 33 
  Number of elements :      6
   236   237   238   239   240   241
  Domain :     34 
  Name : Entity 34 
  Number of elements :      7
   242   243   244   245   246   247   248
  Domain :     35 
  Name : Entity 35 
  Number of elements :      7
   249   250   251   252   253   254   255
  Domain :     36 
  Name : Entity 36 
  Number of elements :      6
   256   257   258   259   260   261
  Domain :     37 
  Name : Entity 37 
  Number of elements :      6
   262   263   264   265   266   267
  Domain :     38 
  Name : Entity 38 
  Number of elements :      7
   268   269   270   271   272   273   274
  Domain :     39 
  Name : Entity 39 
  Number of elements :      7
   275   276   277   278   279   280   281
  Domain :     40 
  Name : Entity 40 
  Number of elements :      6
   282   283   284   285   286   287
  Domain :     41 
  Name : Entity 41 
  Number of elements :      6
   288   289   290   291   292   293
  Domain :     42 
  Name : Entity 42 
  Number of elements :      7
   294   295   296   297   298   299   300
  Domain :     43 
  Name : Entity 43 
  Number of elements :      7
   301   302   303   304   305   306   307
  Domain :     44 
  Name : Entity 44 
  Number of elements :      6
   308   309   310   311   312   313
  Domain :     45 
  Name : Entity 45 
  Number of elements :      6
   314   315   316   317   318   319
  Domain :     46 
  Name : Entity 46 
  Number of elements :      7
   320   321   322   323   324   325   326
  Domain :     47 
  Name : Entity 47 
  Number of elements :      7
   327   328   329   330   331   332   333
  Domain :     48 
  Name : Entity 48 
  Number of elements :      7
   334   335   336   337   338   339   340
